p_pred,theta_pred,m_pred,set
0.557923624940726,0.11015379963432803,1.2469796483255418,train
0.6855848584852113,0.07271711615300647,1.1862210438502903,train
0.9733781110384644,0.005381998660620613,0.007979736554125186,train
0.970776505582769,0.005914242903767963,0.0003701013517987684,train
0.8134080879834577,0.040463063232862306,0.008645811469497574,train
0.5296844772630169,0.11934977747952802,1.4759836758904974,train
0.6576651046684742,0.08039577097527095,1.1743661359188673,train
0.6295570878326864,0.08839431779258666,0.005078383033853326,train
0.6547787470911529,0.0812043827161868,0.022278051292254766,train
0.9754606124455382,0.004956773754101307,0.0020021748227582433,train
0.6899696514025498,0.07153401495322376,0.00025986094014248794,train
0.9823294164882943,0.003559364830991285,0.0010601441648303476,train
0.6342604996990827,0.0870362516237666,0.05032753351632923,train
0.9816506689356046,0.0036971024646561546,0.00931409183647464,train
0.944737564204067,0.011305230110025488,0.0003146166768761395,train
0.6700508451547151,0.07695781032833227,0.042683943677737306,train
0.8547027594108991,0.030912434266579303,0.03621142498006295,train
0.8946901251274413,0.02200974177615811,0.006260468529178131,train
0.9203594786811481,0.01646119854571637,0.009918679846116349,train
0.9861527312093094,0.00278492220305826,3.9797415012954516e-05,train
0.7272567993965977,0.0617089839462992,0.0075090163887009615,train
0.8755417133344174,0.02623229204897104,0.0001459217629372264,train
0.8811924226036236,0.024978593273663474,0.0005623568588124103,train
0.8855002065947503,0.024027156940363392,0.0002339915378659566,train
0.8932428089911847,0.022326360420614755,0.0012796261628572165,train
0.6417640608717357,0.08488625490544066,0.0672745583547104,train
0.9092480667792358,0.018847584749920876,0.03130561069006603,train
0.8340521179003559,0.03564122214875354,0.0015343057059784282,train
0.5854722049227095,0.10153480823222227,1.2375511867889075,train
0.7187898154482016,0.0639040139837872,0.12434361604175707,train
0.8264490477503746,0.03740585283483411,0.003055430097745813,train
0.5224908856242664,0.12175488303809101,1.4722311841837703,train
0.9540656180686338,0.009360480951673189,0.003165257856247488,train
0.9896755023273631,0.00207348036554178,2.8163302383420293e-05,train
0.8114948812209611,0.04091487142179395,0.00029366244963840115,train
0.8607535410436433,0.02954419187625823,0.07555606706229567,train
0.7601182540479345,0.053378786991020166,0.0015635505158661518,train
0.8478090898708601,0.03248075197925249,0.00035060557186661925,train
0.7048265443684635,0.06756954427822115,0.0011181500346988768,train
0.7859763231181768,0.04702415512304248,0.10300945930488653,train
0.9791602726051659,0.004203129884948198,8.917465332311654e-05,train
0.7893163717845129,0.04621558396049563,0.14650582933677772,train
0.6855806570845687,0.07271825267065446,0.003900130695887241,train
0.8622342935778777,0.029210526775257595,0.0023259510456333037,train
0.36559513360326923,0.18228854576344422,1.6453630801094004,train
0.8185118082021716,0.03926195318368597,0.00024672946832832995,train
0.9087455815045639,0.018956053203919798,0.015508220728677604,train
0.9393624094395858,0.012432849821408909,0.00022033042944358437,train
0.9172380852021538,0.017129238575203876,0.00028147758451725467,train
0.6813392895963676,0.0738684343189786,1.217822410038928,train
0.8347057574128481,0.03549011756356213,0.0006460110745955949,train
0.966593265316851,0.0067724602180345705,0.00014974501612162718,train
0.9754866175567906,0.004951468376613644,0.0009347051237443622,train
0.9011987562235304,0.02059094089772384,0.0017867151210374766,train
0.9389737983697982,0.012514573987917776,0.001836722475621654,train
0.9571833169012516,0.008713882552936592,0.0030982553046478784,train
0.9621046353891406,0.0076966411234772325,0.00015281624873839596,train
0.7683537372582693,0.05133639021422742,1.1946617053333026,train
0.9554199340755584,0.009079393825849214,6.222186458526956e-05,train
0.7675993588841061,0.05152274514330646,0.1957393903865271,train
0.6790985606892421,0.0744783932950942,0.07221494203981185,train
0.6803735837384952,0.07413111641672498,1.2958703206872366,train
0.684411593674984,0.07303471181346666,0.008448888102495377,train
0.9623729968735991,0.007641290325603567,8.94913314201824e-05,train
0.7678212575422254,0.051467914066340215,0.00040962152291103927,train
0.8661709740820444,0.028325679664063408,1.070468121363693,train
0.7822373200262157,0.047932574159942454,1.0298922203167586,train
0.9464859692971668,0.010939549566759688,0.02295087529524267,train
0.6001401576278173,0.09707737063266064,0.0089574200956175,train
0.9549429195385485,0.009178361399097112,0.015151064503425802,train
0.8196077374391935,0.03900481884479823,0.00015368540088519513,train
0.9751867868064147,0.00501264457929973,9.773977483194912e-05,train
0.632434835712919,0.08756243523868912,0.315472265754755,train
0.6934965711520522,0.07058674142861432,0.00025467883751509627,train
0.8172567348507781,0.039556765538869554,0.0006889035459138054,train
0.8273430878512149,0.03719767893237769,0.00015320833418564482,train
0.9402756087942485,0.012240912143561045,0.0016596596656246144,train
0.9680667286756526,0.0064698318246256825,0.00011354934486104815,train
0.981009712635419,0.0038272411152883157,0.003947389832176653,train
0.8806860896371707,0.025090668451869136,1.017966654068392,train
0.826333689376257,0.03743272672294218,0.00011449486965257706,train
0.9235545862518425,0.015779256845861678,0.0004567283405727494,train
0.9517506717649116,0.009841686072155853,7.758143676141518e-05,train
0.8460333464645388,0.032886387436288356,0.03837830735341065,train
0.9339624281679172,0.013570887494112949,0.012160741660482605,train
0.9809011798148379,0.003849284163957356,0.0002214542374748586,train
0.6740520031436606,0.07585805869693218,1.282793051029073,train
0.7507013252782593,0.05573599139342189,0.00017554247213069467,train
0.8488769182808056,0.032237153640650607,0.0014012719967736894,train
0.5335309291621966,0.118074458998076,1.1893633804573105,train
0.9416885742960154,0.01194422650356497,0.00023673345220974148,train
0.5416464128332718,0.11540766016732062,0.0015807837734122326,train
0.7017479219930546,0.06838552656174213,1.1912878770649593,train
0.7036729705836318,0.067874961891348,0.0007010149525216285,train
0.8844966219640786,0.02424848171815408,0.0002896546637875589,train
0.8118208622117771,0.04083783007409614,0.07221795069515002,train
0.9422025437709602,0.011836394745038725,0.0011702058174522766,train
0.6860302270702714,0.07259667142901327,0.292270309584188,train
0.8841712478265417,0.024320280982845888,0.00029569450500561224,train
0.7133209018096596,0.06533282668348583,0.1323262350301053,train
0.5172739656807478,0.12351573433946772,0.15491240043186083,train
0.7237208490689447,0.0626231649419342,0.0006145881294947422,train
0.6493008946636999,0.08274687452865348,0.04418155563886043,train
0.9815397956285026,0.0037196091244098284,6.349930575059164e-05,train
0.9535976303345272,0.009457685614573053,1.0078238577944771,train
0.8855317004531025,0.024020214714269295,0.000605119315083179,train
0.7927131273555554,0.04539608745261281,0.001863607151155249,train
0.561151669695057,0.10912647675519838,0.014214288006273655,train
0.859404825090559,0.029848504385575958,0.10486611396519442,train
0.9796069221982595,0.004112298762135147,5.661704661405631e-05,train
0.9148703402681466,0.01763719697314936,0.0011558675374697415,train
0.5207413473442835,0.12234382559427492,1.402300680490727,train
0.9208449214986607,0.01635746708921304,0.01371352173874822,train
0.969553948441868,0.0061647515039542355,0.001743122273273064,train
0.7090654916518025,0.06645067346230626,0.05053312024973203,train
0.7862707755720986,0.0469527626325662,0.00700553916446743,train
0.8406270174591437,0.03412557036862052,0.001808023775157785,train
0.7851330079546959,0.047228742486327024,0.00035271148340811407,train
0.6304420006981624,0.08813818902013348,0.13337828369012178,train
0.8394999505544674,0.034384707743019605,0.01822110095475363,train
0.8296863964161987,0.03665290101927898,0.0009219197263100624,train
0.5994096661587025,0.09729728547746319,1.237341427185437,train
0.7111940687733224,0.06589085213560475,1.2629499000729687,train
0.8943243957582269,0.02208971097423973,0.08283724766822259,train
0.734597159013351,0.059822510193769496,0.001750039155077912,train
0.673399379920399,0.07603708055357905,0.0021915731726822024,train
0.9789297988551228,0.004250012230295641,0.0011300514234210749,train
0.9000817919245051,0.020833841301735823,0.0002370830176377515,train
0.8598192015275814,0.029754967464006188,0.002489221619211982,train
0.7008390014484648,0.06862698151971569,0.011798450272179973,train
0.7583755735900359,0.05381323865590604,0.21594497518325176,train
0.7654352634051902,0.05205815831015026,0.13029425870111477,train
0.7712202083012776,0.05062961474087013,1.043317580828453,train
0.9116821487737973,0.018322831979271648,0.020211470710522227,train
0.7544236461833691,0.05480142450031855,0.19054448343867095,train
0.9615298219211857,0.007815240634483134,0.030430892423142623,train
0.7283409860108951,0.061429391790888244,0.10267663247823973,train
0.9715870844042155,0.00574829000608823,5.804143762521022e-05,train
0.8401307691740444,0.03423963445196543,0.012783775818841474,train
0.9709060643362942,0.005887710404063995,4.0165425855760214e-05,train
0.7317999773053738,0.060539600361722345,0.2691445031108415,train
0.936457057287109,0.013044495893889896,0.06171996950698744,train
0.8054682228474558,0.04234367301469011,0.16116354615051703,train
0.8933221076176752,0.022309002223474872,0.001749825900560429,train
0.7806924176586209,0.0483089342546591,0.002155378768943468,train
0.6529591809949312,0.08171559991264121,1.0066280992123766,train
0.7126146996644686,0.06551796790315734,0.0006375465552145431,train
0.8066074054211801,0.04207294135398287,0.0006169796753652314,train
0.708515237141027,0.06659561049937579,0.260255478260752,train
0.9861893169479331,0.002777523083706268,9.237571215529168e-06,train
0.6742822584389224,0.07579493018304817,0.000480441153207554,train
0.8911865302111333,0.022776903829057504,0.09971883136067096,train
0.707102126709185,0.06696823679036679,1.2607838141598608,train
0.8962860851460218,0.021661080087973406,6.615924613659502e-05,train
0.4518955503392199,0.14688493136312752,1.5031890435285762,train
0.8501253457084315,0.03195266679897657,0.02236294852213067,train
0.631346708399915,0.08787662799925933,1.1688266881635998,train
0.7776748133177119,0.049045787215447056,0.1775821376894812,train
0.9437860473003182,0.01150446830172791,0.0015619187576767452,train
0.8965730071825946,0.02159845029541574,1.0005887210240696,train
0.72113896914957,0.06329294126982288,0.037588949045642146,train
0.6033954340462995,0.09609996356195927,1.070134073957432,train
0.9747298238937395,0.0051059103150777885,0.001112307463896922,train
0.7965770010435788,0.044467302907311046,0.0028869140198481023,train
0.6886595370586074,0.07188687729546794,1.1071657577394176,train
0.892775101878956,0.02242876498761237,0.0020499621706926855,train
0.9524083672573683,0.009704876559734843,0.00011774770797022229,train
0.5049668891023901,0.12772669725329366,1.0515060489106824,train
0.8400606600205666,0.03425575358589339,0.04344969498746111,train
0.9129887448712595,0.018041610967240995,0.04474263978504474,train
0.8193317738614739,0.0390695413652844,0.05758633369208243,train
0.8272008013367981,0.03723079777107985,0.00045020461522505845,train
0.7325267433481301,0.06035307484351082,0.0009000501855380659,train
0.7840634548834768,0.047488467945863255,0.0002312610874174764,train
0.9704620500883199,0.005978652422736208,0.00030736361331771227,train
0.6293883731952867,0.08844318316622446,0.0002409150345958754,train
0.9838817746251745,0.0032446321446082393,0.0005091435840649382,train
0.9305914269763818,0.0142839921851734,0.0006904778422234132,train
0.9850589088829159,0.003006238912236059,3.567143878004878e-05,train
0.9086858940200548,0.01896894076784128,7.048559515518425e-05,train
0.8468482254594526,0.03270015905105872,0.006225849615970151,train
0.9064285794488794,0.01945683201014914,0.03907615755787705,train
0.6290845349571929,0.08853121126674846,1.2590857497205041,train
0.5921983375062007,0.09947984636945617,0.022665980962061693,train
0.6257772405817481,0.08949160840251302,0.1995302028719562,train
0.8564787251457676,0.030510039958559276,1.0948994430093106,train
0.6225760890546322,0.09042505803800827,0.0018151969905345262,train
0.8206856048324102,0.03875219045517875,0.004045402389667086,train
0.700464059004517,0.06872665805854528,1.2748914088306884,train
0.8081119522693835,0.041715847680064866,0.001208432350098354,train
0.7929657620945056,0.045335249461086136,0.00512648468447395,train
0.9511542301310157,0.009965819367817375,0.0024319998910482658,train
0.6136782095594654,0.09303998558275661,0.015682068106486598,train
0.7891611076927402,0.04625311013625766,0.0006576175268638534,train
0.37717264129358163,0.1771739424776445,1.682366827463712,train
0.6488900386959954,0.08286298536273051,0.005037919270740784,train
0.835372741772176,0.035336025542705096,0.000628568551149489,train
0.9818280288357963,0.003661103627387474,8.050855305185762e-05,train
0.6934965711520522,0.07058674142861432,1.0296001198825238,train
0.561194177510475,0.10911298024723615,1.1410736622879885,train
0.5899870991097335,0.1001533523241932,0.004313791537425094,train
0.7282377107085248,0.06145601027410985,0.0003573248041214101,train
0.9579092633732557,0.008563566007179002,3.378083594992552e-05,train
0.6924474745895302,0.07086810829792434,0.13630505077507862,train
0.9213445404378099,0.01625075209188298,7.232949231449996e-05,train
0.7588043550702076,0.05370626906158327,0.00017701980764789555,train
0.6361288095551939,0.08649902978594437,1.342093520594128,train
0.9376811418330913,0.012786612034208167,0.0012039249516336786,train
0.8808999728734165,0.02504331979673602,0.0018642828523042611,train
0.8594364817506405,0.02984135727568693,1.0717991419869168,train
0.7498538395601779,0.055949288439399725,0.0025595535438759378,train
0.7220865665577183,0.06304689853948708,0.0002850034807712986,train
0.9799275924845463,0.004047107351198842,0.00017381679414228584,train
0.5717912002311891,0.10577358724774788,1.3109200623833939,train
0.5610447466839551,0.10916042912337853,1.3881495634928847,train
0.8491242648889281,0.03218076267094583,0.0003273378728110503,train
0.391360044162725,0.17107488754964895,0.005553547639871491,train
0.9557705606851812,0.00900667352170792,0.004712533704397765,train
0.7065685292564629,0.06710909726910896,0.0051958886909442125,train
0.7625921037708909,0.05276342064665207,0.002215361879620958,train
0.9333298512846959,0.013704546270205231,0.0025872237509135415,train
0.986985287149396,0.00261659997826158,0.0003541510312453998,train
0.9366444385407704,0.013005001897245627,0.005047928132564476,train
0.8189032104407717,0.03917008813959666,0.01810573692429943,train
0.7944183323108637,0.04498575073661437,0.0002476596444205668,train
0.8630190767427393,0.02903387362599219,0.0006781807168328421,train
0.9620186766148237,0.0077143731301301255,0.0008426921284272012,train
0.7292545040005438,0.061194070336066386,0.08442362731829535,train
0.7034055740229957,0.0679458143850491,0.12803114294408757,train
0.6942875278496012,0.0703748325231891,0.0001969561636564212,train
0.9063698796731775,0.019469532217611718,0.00012323184885328965,train
0.853664636755646,0.031147959628611832,0.0038071373377067752,train
0.6806400742484608,0.07405859842685625,1.2882074183649184,train
0.5006666030510577,0.12921743572831768,1.2784055358533442,train
0.9675821303538651,0.006569320727992656,0.001493889754604429,train
0.9125541148887203,0.018135121397132137,0.0001671590455706433,train
0.9642748435847334,0.007249379074405482,0.0002160631020602481,train
0.6024143445756743,0.09639409377313246,1.2998601970355863,train
0.9158233299801982,0.017432623325578822,7.30772795291125e-05,train
0.7151103461385707,0.06486435335129614,0.0018818888591461233,train
0.8500562542831477,0.03196840234779863,0.0003227113192943044,train
0.9640179679424544,0.0073022769868396065,0.001664083530373069,train
0.7839543453649184,0.04751497953992678,0.021527173809521273,train
0.6724748767968014,0.07629091983825509,1.0992778055605927,train
0.946458115279112,0.010945371022722306,0.0002353031483754765,train
0.9244856788353687,0.015580886046901554,4.619011324865335e-05,train
0.6087787079702925,0.09449283538771835,0.0012589922049995286,train
0.9150223871326499,0.017604546388924835,0.00011071782738630911,train
0.856466650194637,0.030512773618967537,0.006349369284257623,train
0.7570050116612592,0.054155482280136336,1.1478199101649613,train
0.683169432098736,0.07337143243623556,0.11223601700646721,train
0.7662615754837631,0.0518535798663069,0.13369585875948017,train
0.8086754952391778,0.04158223160872965,0.08070135798624473,train
0.7037190289060201,0.06786275991875101,0.006311317250530605,train
0.8501446191769001,0.03194827745553397,0.00017711563702738108,train
0.6712862356255632,0.07661769360756987,0.032993944529508594,train
0.8806078408098363,0.02510799317725676,0.001027353634745504,train
0.9453705270707339,0.011172782866769926,0.0002972055009329575,train
0.9765692672976877,0.004730694235896227,0.014520082697576089,train
0.8217389279220084,0.03850557101893071,0.09277954512007643,train
0.9636430862223819,0.007379495906552513,0.000348312352775006,train
0.8827422381830878,0.02463586644707705,0.009644849753626254,train
0.9540975591731181,0.009353847928523562,0.002967594441139643,train
0.9510774321972953,0.009981807318603764,0.00020917979914920656,train
0.8653648392162208,0.02850661214450456,0.007849426923393204,train
0.5586058299796304,0.10993629285071149,0.18999015277639245,train
0.9269166566912611,0.015063714612513546,0.002116149688120158,train
0.6744056655773832,0.07576110305712935,0.039698844963834024,train
0.9443070786231765,0.01139534962169575,0.008159166466547884,train
0.7442908696047414,0.05735419688225396,0.0011377892216260853,train
0.9300177933704751,0.014405544841289086,0.02159582232496433,train
0.9030707135396125,0.020184395615274187,0.005267746219494877,train
0.8500408160269665,0.0319719185452948,0.0021007942956790832,train
0.6941664042356824,0.07040727078938636,0.004753473104130718,train
0.9568399381608669,0.008785015308139466,0.007128725448065539,train
0.5951593074209143,0.09858112846720413,0.0005428555938954012,train
0.9584654447712408,0.00844846314688208,0.001801812164195254,train
0.6673418702699162,0.07770538096699997,0.027154427831366047,train
0.7486499973637007,0.05625260584592784,0.005455501934719719,train
0.9457538673909123,0.011092603537245838,0.00019553179901681472,train
0.8441887336872953,0.03330847670653592,0.00816639835504675,train
0.9381645517969828,0.01268484387750668,0.0003795361526198115,train
0.9679424966330457,0.006495333087056854,3.3864877369156466e-05,train
0.7812377139684484,0.04817602436999402,1.1519901154717433,train
0.4205344243249921,0.1590691008954055,1.529189744319803,train
0.8286645560029533,0.03689030934811488,0.0011841153200370762,train
0.6428782740211311,0.0845687162758535,1.0830410761740705,train
0.933121137304461,0.013748661877450385,0.0011335717249409448,train
0.9936173184381356,0.0012798079393619988,2.883477632415238e-05,train
0.9018026755044928,0.020459710017482036,0.0019174280008241382,train
0.8542470296440273,0.03101580032444551,0.0036869968256138708,train
0.3660849334696184,0.18206956008046948,1.4837951435875734,train
0.6888040569396042,0.07184792639652837,1.176443126330251,train
0.9211277929483126,0.016297042103458836,0.0016623131118785207,train
0.8575465031565747,0.030268426435651197,1.0149390642334108,train
0.9697689564173622,0.006120676895593702,8.410498448222615e-05,train
0.9212820408409418,0.01626409902065784,0.03953885416062527,train
0.724619279250625,0.062390547693362386,0.027450651205529027,train
0.944674184805868,0.011318496135110268,0.011367673047562466,train
0.9650893076411234,0.007081732543948727,0.011757731291514063,train
0.7661524757772606,0.05188058066895562,1.1115769106269273,train
0.9388292600183907,0.012544977031079263,0.02704006841668868,train
0.6868888762138696,0.07236463625956224,1.0903692374171772,train
0.6586798745151493,0.08011215817297312,0.027270466128002224,train
0.859703094076416,0.02978117268550884,0.0004409419149719643,train
0.8576283694047306,0.03024991192851134,0.0018494183873985614,train
0.8636088089408033,0.028901210616920747,0.0006770112541163084,train
0.9833572781999269,0.0033509266517007807,0.0036480053996180623,train
0.6223126844472656,0.09050203715474958,1.3554216117246618,train
0.8903294768286977,0.022964935110787787,0.0018250263150016504,train
0.7513752325651097,0.05556651839597093,0.001206547061135009,train
0.5683954085284285,0.10683825772328703,0.0005296536995289138,train
0.7618600771458671,0.05294534458484779,0.04062291498340427,train
0.7957510006930169,0.044665550638562146,0.21871197533601916,train
0.7977782179672249,0.04417929300265078,0.00017921221046236804,train
0.8057483824845211,0.042277063477186294,0.0018786230695268357,train
0.7961705995520216,0.04456482246539484,0.10117315295220915,train
0.672281379169799,0.07634408348688604,0.009887185344222178,train
0.5888884092572233,0.10048874597739677,1.0789861361177158,train
0.6746677403842103,0.0756892821633347,1.2113172092727027,train
0.5725997320802032,0.105520836965181,0.0008732491774078399,train
0.7479624841112612,0.056426005248935596,0.0014125755930154372,train
0.9509836076180711,0.0100013413129596,0.005776087318911748,train
0.922438413913856,0.01601727015673593,8.798741760444021e-05,train
0.9356960436498865,0.013204958321934579,0.0029022027382960636,train
0.4119443669257046,0.16253297910727538,1.23935336247666,train
0.8731766144335779,0.026758948732171883,6.881917761607328e-05,train
0.835725995879519,0.0352544538399332,0.0002533007894432076,train
0.7638025498641838,0.05246290572451218,0.052090218069604406,train
0.5912652722493421,0.09976379654979595,1.3515358932970047,train
0.44969185570886144,0.14771861208527082,1.4804725411903217,train
0.8523457963090856,0.03144750386388828,0.00010238274639901452,train
0.9829574548117987,0.003431985376080249,0.0003826142730977962,train
0.8835059880245688,0.024467147539863787,0.00040020457423099216,train
0.9253400108323561,0.015399009775864059,0.00044410573204635613,train
0.8659474941055474,0.02837582499907998,0.061080269695066865,train
0.6470522855692632,0.08338306857222988,1.2504052577058655,train
0.7916943753223116,0.04564157474259667,0.0005598006123934517,train
0.9123434628394792,0.01818045590297146,0.0004057142502809507,train
0.6509422773469138,0.08228359368789728,0.0028395476469498917,train
0.9603021973517847,0.008068722717073817,0.0022218446509837003,train
0.7364724235430105,0.05934298643687208,0.02741154352572519,train
0.741982524739368,0.05793962822970811,0.0009698009744841006,train
0.7699527681092428,0.05094186329025696,0.0005169541347730197,train
0.778411047993485,0.048865799262140186,0.00034604676068858767,train
0.8869767767163916,0.023701887204274352,1.0269043181362836,train
0.6809104355079668,0.07398505032792013,0.0008990088799729765,train
0.7413133907073758,0.05810960316766012,1.0975932008941869,train
0.8980588050906712,0.02127438425956485,0.00801052498740875,train
0.8886578668681842,0.02333209121057367,0.007742039034232238,train
0.8343835945107781,0.03556458147680719,0.0008619017045052989,train
0.929493062367727,0.01451678760001307,0.04072383223043574,train
0.8099810116077516,0.04127297953292486,0.00039556019021092566,train
0.7172230096298754,0.0643124674980533,1.2196786905931172,train
0.8395152412119666,0.03438119022401798,9.471869653041367e-05,train
0.8689177885503225,0.027710182265010652,0.011082812113448786,train
0.9312117029069329,0.014152623477422521,0.01867651141039328,train
0.5427058809307297,0.11506187556247205,0.0017248075069825198,train
0.8858852277749291,0.023942299844863735,0.0026611128927778536,train
0.78409851083282,0.04747995062532029,0.008741251331379037,train
0.8017452375999654,0.043230598262521513,0.019760195928983447,train
0.9307670240464857,0.014246795242443322,0.030460236686820023,train
0.9478778774081256,0.010648816856660526,3.266971720641455e-05,train
0.9553674241599452,0.009090286272089743,0.028429433285260035,train
0.6760531423256585,0.07530998691477542,1.1796563942551186,train
0.8035893422867395,0.04279086709111546,0.07445809829543545,train
0.8177482967215153,0.039441256248662016,0.004478002328093303,train
0.8900441830054207,0.02302755862509054,0.078689563132838,train
0.7785319500244423,0.04883625525367852,0.0014727390090455077,train
0.7389937785831476,0.05869978813617227,0.00035666254756456584,train
0.861078005416271,0.029471039492253492,0.003306385860996451,train
0.7547802664541298,0.054712081262887846,0.00021432082006399346,train
0.952659069602039,0.009652746994043504,0.0019747490111789697,train
0.9157285882699784,0.017452953440116104,0.0002111190379113371,train
0.985818597114924,0.0028525078243849533,0.0006799542599572298,train
0.8171313456971546,0.039586238910123805,0.0008174451732945387,train
0.7869443519773653,0.046789528721610574,0.0007064567575922543,train
0.9354925562381771,0.013247882055538174,0.004491230523480133,train
0.9513264640126785,0.009929967121144467,0.0053696238953183945,train
0.6456140097979295,0.08379092484450779,1.166208670753622,train
0.7320606806104195,0.060472673456804404,0.00841499181380328,train
0.9314279479845047,0.014106841225698052,0.0049189617916494495,train
0.8776499590430453,0.025763789618082122,0.0005888945420854225,train
0.947614161379353,0.010703873908158301,4.0466410314520244e-05,train
0.8790948791306783,0.025443213664649744,0.06274229276775115,train
0.7882756952633602,0.04646722068477338,0.008121999582103724,train
0.47932731472423057,0.13677017773156075,1.4916635524681234,train
0.7704777730997544,0.050812472388509944,0.025486540469932196,train
0.7350508879645429,0.05970639746810669,0.014373600007056609,train
0.4889360289485801,0.1333366959948029,1.4800271144064674,train
0.5800535633457101,0.10320408814114224,1.2843260590203411,train
0.9800256132745848,0.004027183392677602,0.017485951683141456,train
0.7923410549281694,0.04548571596651896,0.0006039447131694212,train
0.713412967188692,0.06530870120356957,0.00043818256999657063,train
0.7434701028433998,0.057562189181018075,0.0018221497065057963,train
0.9499080617687579,0.010225376926162877,0.0037308969106518027,train
0.8832207162937927,0.024530152861529708,0.01034363129036735,train
0.9169264322407776,0.017196038292285,6.996218288670713e-05,train
0.9419213163703927,0.011895390948892692,0.00029726445978977694,train
0.9781924482479788,0.004400061430961499,0.01015668325717614,train
0.9534833580962476,0.00948142663694651,0.00012334570053375348,train
0.6287603514086428,0.08862517132991798,1.3208530847241662,train
0.9281901730417738,0.014793217005734771,0.0029620018731335335,train
0.7039436684498627,0.06780325658179065,0.0008047910294322586,train
0.705918979289854,0.06728068209816973,0.0005256368767463508,train
0.9563973133249604,0.00887673756116314,0.0032983015379415056,train
0.8086754952391778,0.04158223160872965,1.0525103859873843,train
0.7410673812534951,0.058172125903511174,0.009293595418434044,train
0.8943501701976136,0.022084074362059503,1.031638597964351,train
0.9034450123341794,0.02010318757541263,0.06315446793444315,train
0.5574641710136471,0.11030040682343656,0.3752485764454726,train
0.9360861362255865,0.013122692880035536,6.249361171013628e-05,train
0.8861856799295535,0.02387610190997791,0.0007147334819603633,train
0.8737295275090006,0.026635724759644153,0.012357624278886847,train
0.6795215128181067,0.07436313643183778,0.3433281044744161,train
0.6269777636720126,0.0891425230001438,1.2761018363162204,train
0.7871790247151975,0.0467326845921574,0.00014418867575398357,train
0.6063728900184209,0.09520965980789098,1.2492895458436466,train
0.9123575714061555,0.01817741933146455,0.015222426302391373,train
0.9404964646822269,0.012194514701133974,0.004024727991189956,train
0.7176962824481706,0.06418901394717624,0.00804187984056625,train
0.9884230520052911,0.0023261867430695027,3.0422852890075155e-05,train
0.5052273641243796,0.12763672757498712,1.1958254129794534,train
0.9607972163343652,0.007966479152819339,2.1904831558367587e-05,train
0.691683934133573,0.07107310374609632,1.2146181063198143,train
0.6933292321472218,0.07063159878183856,0.004106179495821845,train
0.9279863224384731,0.014836495344232259,0.0004995110116935722,train
0.9088434024845474,0.018934933420691413,0.01242011125635885,train
0.8790948791306783,0.025443213664649744,0.00014841776262249705,train
0.9619547608998417,0.007727558805713297,0.0086902565871624,train
0.8533818539866279,0.031212156026265703,0.0026415517022131156,train
0.9419325321788699,0.011893037814066365,3.860645442658973e-05,train
0.5800535633457101,0.10320408814114224,1.0868622257526581,train
0.7663929649234281,0.05182106671743669,0.00016944259912423304,train
0.9676474583385836,0.006555906451402249,0.018324358551725192,train
0.39177949503124504,0.17089727902810325,1.6688933726645885,train
0.49283451845755816,0.13195902978650353,1.1318207039686232,train
0.6519685934238979,0.08199439026895428,0.1523380060550305,train
0.9854425473500559,0.0029285936904012155,9.038560013782314e-06,train
0.7294307597773494,0.06114869414088764,0.2890641051768916,train
0.6353115472477768,0.08673387337606275,1.2000558692522632,train
0.6630664664991641,0.07889017876520132,0.07225758218096731,train
0.5694499300773599,0.10650709385045232,1.1737797880909493,train
0.892697044142108,0.02244585992381365,0.017124763065780913,train
0.9009110750279509,0.02065347839040388,0.03542900602038022,train
0.9019022419300956,0.020438081113260287,0.03943247888291938,train
0.9303752430733426,0.014329794399120854,0.05714207910380421,train
0.7419077529405517,0.05795861584350648,0.00015459200647100727,train
0.8909703994682985,0.02282430769758348,1.0211086367781737,train
0.5910132813999959,0.09984054381660967,1.1725178755210928,train
0.8927288531667494,0.02243889348413608,0.032317773216695996,train
0.7897263967003482,0.04611651237052583,0.011449146911413662,train
0.9107301019788696,0.018527945842766735,1.015315176685074,train
0.9050611136102283,0.019752866180666406,0.00026139722839639085,train
0.6917064577889009,0.07106705400121127,0.10344685248102017,train
0.4402032564894765,0.151346024115392,0.0005775588983555374,train
0.880473367353964,0.025137769225028417,0.0001336222975824122,train
0.8812535125548855,0.024965074692020583,1.0654357592845725,train
0.9680786296647483,0.006467389031540316,0.010461368260859277,train
0.7921405449726324,0.045534030765212674,0.00014173704205599775,train
0.821091872098198,0.038657039227711354,0.0006839014446931049,train
0.8365172619631024,0.03507183860624574,0.0016765509726831959,train
0.800069876705921,0.04363079410304049,0.030515899141605265,train
0.9520653712864168,0.009776214903690406,0.002436789794884573,train
0.9781527426107324,0.004408144006517456,0.005339006468015196,train
0.9377280345390655,0.012776738276687571,6.134010974960318e-05,train
0.8463189746310315,0.032821095070936224,0.007293326577473611,train
0.4990751008807868,0.12977174385315404,1.2389313538152413,train
0.9009079675643201,0.02065415399268722,0.000136968930824397,train
0.8987573429638419,0.021122175007481037,1.0291690243446345,train
0.9114865285430958,0.018364963416981905,0.002017245351522425,train
0.8729913132041821,0.02680025952104259,7.473611142334335e-05,train
0.8762511899448521,0.02607452878541805,0.009109938786625716,train
0.7165838682545289,0.06447929145506393,1.1388948558702383,train
0.5570980827020477,0.11041729118303367,0.35529305753344964,train
0.9425229974529943,0.011769186776497964,1.0453640797365853,train
0.7465538139299477,0.05678168806348394,0.0012512568753720137,train
0.9360250863285452,0.013135565697493079,0.0001347285529007639,train
0.7406413418081832,0.058280442134882704,1.1480923684424216,train
0.9012650123887002,0.020576540083323436,0.03691240411931132,train
0.8754401995836619,0.026254873588073768,0.00043590349055571423,train
0.8963575161112541,0.021645486525417756,5.715078750293728e-05,train
0.8983278135693885,0.02121575692984612,0.00010562548777480784,train
0.7951552649466166,0.04480863494185816,0.08184814581803637,train
0.7580224619430891,0.053901366971564224,0.00025023912335717774,train
0.7406856949396776,0.0582691634744712,1.1449601430422651,train
0.6097806962526213,0.09419495676246725,0.17026025614930707,train
0.9453340810105143,0.011180407266099812,0.0012273603320160555,train
0.9683288926439165,0.0064160256988210485,0.00015783387572378628,train
0.8114450383859528,0.04092665330666545,0.0013574041135677422,train
0.5336768015773431,0.11802623891019648,1.1963268859238196,train
0.8177937034428999,0.039430589187728016,0.10719826838221262,train
0.6809755594644549,0.07396733773396924,0.0010621144306154602,train
0.7118729491142624,0.06571258677342096,0.029738822947268522,train
0.8394180805280427,0.034403542296487344,0.0001608064337012194,train
0.7178758600394902,0.06414218804881433,0.0004171168325529669,train
0.6388464740361507,0.08571982987987437,0.00037270231658850924,train
0.9578350860830284,0.008578921187249788,0.002034940478056949,train
0.979936228862508,0.004045351834698119,1.293229925393738e-05,train
0.975376607133064,0.004973912692496807,9.168300650965199e-05,train
0.6508810868878482,0.0823008479366315,0.2978089531650379,train
0.8970293182068574,0.021498879028374773,1.0490743034145071,train
0.8082206970325437,0.04169005848732665,0.005935388222617582,train
0.8876198378927822,0.023560364350446505,1.0376028628471816,train
0.640311217578111,0.08530096258552056,0.0006017583954259202,train
0.799136159967194,0.04385412336762251,0.0065644669150088045,train
0.6495401814892228,0.08267927744305004,0.007509006544236376,train
0.6753933445931454,0.07549054866375482,0.00027863872350321513,train
0.9513381097161819,0.009927543136102779,0.003813864817638409,train
0.8439032999578711,0.03337385632635459,0.05073787152298388,train
0.6081263486549093,0.09468698455574887,0.028495683882001653,train
0.8010641533060362,0.04339320905777955,0.0002103673702064427,train
0.8357143429472239,0.03525714423781223,0.13343479137700048,train
0.9375569197805927,0.012812770216740432,8.852663583564168e-05,train
0.8455537193115628,0.03299606613210593,0.0005426547373997992,train
0.946262535633219,0.010986250791651053,0.0008543818836201331,train
0.7256804403196018,0.06211609395788953,0.002059097939533878,train
0.6350943184355328,0.08679633559821309,1.251914484416304,train
0.9655214822672782,0.006992821137715821,2.8294901998492164e-05,train
0.5377342282295345,0.11668920853368958,1.163416143599072,train
0.7162830667627087,0.06455784563403022,0.08679593975004841,train
0.924717043509488,0.015531618218057708,6.955616726667128e-05,train
0.8456446137106489,0.03297527704199066,0.0001916843062346113,train
0.8572520693645083,0.030335025964525086,0.00012246333629263893,train
0.6885703917469623,0.07191090693957625,0.00022454286360768303,train
0.7587318909963464,0.053724343527788876,0.00041447417459048206,train
0.9711358303996485,0.0058406632885779075,2.3225487406723887e-05,train
0.8066719428498638,0.042057612912827724,0.0011813542987805738,train
0.94508374891583,0.011232782295960142,0.0002579585487981351,train
0.5670479768715009,0.10726212364167698,1.3642194787050104,train
0.8187459925570978,0.03920698413542467,0.0007037335567251384,train
0.9038205482285253,0.020021738178595316,0.004813109885310743,train
0.9487731178197082,0.010462005293245258,3.085548563901205e-05,train
0.6928736389163241,0.07075377026072627,0.10152697091083775,train
0.6960737158180774,0.06989699615458056,0.06095938308859352,train
0.9828078607512447,0.0034623203069205077,1.16018950207277e-05,train
0.9564220035984672,0.008871620262861701,0.00017341366062257702,train
0.8891330540098874,0.023227663890489803,0.050071947865986496,train
0.9523125389907299,0.009724805423860006,0.03724324554413286,train
0.9811506109560489,0.0037986275339961795,6.169130020954459e-05,train
0.9474602409143846,0.010736014165308005,0.002952122299047448,train
0.8718087897803481,0.027064054940178606,0.054516380137955615,train
0.7824084743839488,0.04789091513269006,0.08154417801250384,train
0.5876572251504029,0.10086518105480413,1.17752231801373,train
0.8192937607878874,0.03907845804575705,0.00020563884717315992,train
0.9510150939436344,0.009994785783083215,0.0002887728395670616,train
0.6647359819540867,0.0784267981854424,1.2709888019220044,train
0.7780210484493277,0.048961125829707464,1.0622150080906276,train
0.7258465127383709,0.06207317082420616,0.03199024612739472,train
0.8342159112319157,0.03560334846502866,0.05437687904664729,train
0.9651494072064225,0.007069366337134508,0.0008918525316662892,train
0.9377503203446553,0.01277204590198433,7.353144118999124e-05,train
0.6413452078917543,0.08500573751498341,1.2555871779402008,train
0.7646482057213082,0.05225318250090816,0.06543023370714787,train
0.949089693873405,0.010395978500274183,0.005087400926818231,train
0.7596730919812195,0.053489690420822966,1.0692392057392317,train
0.5918140994920785,0.09959673420609749,1.398180384158941,train
0.9778266146520004,0.004474541336201954,7.506650827813384e-05,train
0.9673607736040495,0.006614778928451637,0.023814312589873033,train
0.904974113887134,0.019771712313198964,0.03527209462149225,train
0.823668145439035,0.03805452937218601,0.028260229942907014,train
0.7074995647707891,0.06686337527776887,0.0022728048481962613,train
0.9211765217088188,0.016286634511390896,1.0467890988375248,train
0.7587615242908834,0.05371695202955118,0.000332867378263775,train
0.982758111244809,0.0034724094125443417,0.0005918195332687919,train
0.9882553552991316,0.00236004228038722,0.0006482324405291057,train
0.6947265638076722,0.07025729168789396,0.0010205361369904507,train
0.9405429599143473,0.012184748085551589,8.069034897067819e-05,train
0.7681819574007931,0.051378812308883415,0.19631043990899513,train
0.8270754892967253,0.03725996937826026,0.0006067324463709662,train
0.9788778646354206,0.004260577767503992,0.0014625957524048163,train
0.9689679282088228,0.00628491983993007,5.954790997927006e-05,train
0.9204841650920678,0.016434550854034113,0.0030179927520556085,train
0.991968537190749,0.0016114779212041963,1.970193138093785e-05,train
0.7895386717393446,0.04616186599428462,0.029329688545682485,train
0.8432659050220394,0.03351991780868002,0.016398303377345755,train
0.8740953671534958,0.026554226858091168,0.0008004661250251757,train
0.8308683250688228,0.03637859031661406,0.0003966288827489468,train
0.8426257130030848,0.033666709184756005,0.09551439465329037,train
0.700788648888815,0.06864036501098192,1.116985915568515,train
0.7710918381552432,0.05066122151898311,1.0525351248248493,train
0.4542977736350278,0.14597984210156845,0.015948087457045425,train
0.9834097241269291,0.0033402959133841392,6.540084086626455e-05,train
0.7285312896444165,0.0613803502743715,0.001987165538926252,train
0.9635928763231938,0.007389840071300835,1.8831718608400145e-05,train
0.8346007295009115,0.03551439092144504,0.0006205776186423375,train
0.7071699188812083,0.0669503469207523,0.032460043287317164,train
0.9731947677535805,0.005419470280407346,0.0011682586508263597,train
0.7956622477361858,0.044686861963345925,0.0027047399195802885,train
0.7579071006410805,0.05393016554160612,0.050393390632598414,train
0.5934261416477961,0.09910674617790138,1.2806913626369167,train
0.7072243977681756,0.06693597132616913,0.00020670550773981385,train
0.9623112364958026,0.00765402759532241,0.00046794721269027194,train
0.8934448510245836,0.022282136543568698,6.97044252766459e-05,train
0.9448991709300375,0.011271407215888707,0.02286387147232855,train
0.777343316930594,0.04912687294544382,1.0354006247874186,train
0.7245895792415776,0.0623982337891017,0.005797037346454471,train
0.7280148466697497,0.061513462205134095,0.009951156742184405,train
0.8001112711779914,0.0436208980726408,0.10370579466875642,train
0.891283527665162,0.022755632406594173,0.00017791669941677634,train
0.977947949111571,0.004449836435201582,0.0027064426005050683,train
0.8371533367255971,0.03492513993433366,0.009956091461124547,train
0.7783204381897881,0.04888794337134339,0.015126619587610053,train
0.7569515463241349,0.054168843175754655,1.0456140972800498,train
0.6474454301562761,0.0832717095852481,1.2742828819371563,train
0.8052526536420747,0.04239493843056952,0.028312089983559066,train
0.3620424671924071,0.1838839796065148,1.71274988973528,train
0.725489674685245,0.062165409007481576,0.0003402884637515971,train
0.8294645160129566,0.03670443150408387,0.0010635985815298041,train
0.5633681369232011,0.10842382194431122,1.2729238828060165,train
0.9397976487814548,0.012341351921858257,0.034258447259008756,train
0.9490838874722921,0.010397189355684455,0.00021865924362871704,train
0.9488712352836866,0.01044153950628135,0.0001278166352180389,train
0.5643659089420071,0.10810823426421379,1.2363718106553998,train
0.8532629515263905,0.031239153947061782,0.00011781372370108603,train
0.6061185087360935,0.09528558680357946,0.0004150528268268394,train
0.7144982057272407,0.06502450497730117,0.0002139730431312129,train
0.9652493675895452,0.007048799653014526,0.025261662214892677,train
0.4563529954591082,0.1452085271694018,1.3001347511328105,train
0.9781297472684198,0.004412825114042507,0.0020920774208464422,train
0.9580126430729358,0.008542167325605754,0.028357363800629143,train
0.9715135206764144,0.005763346418133808,1.8921119594101567e-05,train
0.9670830365358546,0.006671827259769225,0.00921270821819515,train
0.6487814330825796,0.08289368791363516,0.26931155925668676,train
0.7917984915990124,0.04561647439518968,0.0003815688587837262,train
0.5853587674529009,0.10156962714148976,0.35041634837802793,train
0.923600493242768,0.015769472537479623,0.00035253573838619855,train
0.6985415549298946,0.06923841753353677,0.0039258965435602835,train
0.8276247807183785,0.037132125083986,0.12937114249480708,train
0.7811916867347068,0.04818724012578679,0.003029768575680436,train
0.7101520147396213,0.06616474733321798,0.00047729671515389763,train
0.5626891618023533,0.10863883236020533,0.0007809532469232826,train
0.9731767873728557,0.005423145406772356,0.00023802610138882378,train
0.9750791211708603,0.0050346158936478425,0.0056563854858748775,train
0.7025784851098813,0.06816510594156022,0.21410781191526668,train
0.4024031497619673,0.16644881299836145,1.6616580665925427,train
0.9803492820880567,0.003961404956401848,0.00026053411393984273,train
0.8100291146502753,0.041261592453356366,0.03062255054091206,train
0.9896883280113405,0.0020708938563686052,6.5575892992856576e-06,train
0.5833676909858837,0.10218165604607943,1.0447360907840229,train
0.9502673668564474,0.010150511309810484,0.0339164521354408,train
0.962779747989595,0.007557419562260748,3.5183417005413136e-05,train
0.6993950669167963,0.06901107867763712,0.0001855413363168504,train
0.6855806570845687,0.07271825267065446,0.00035075612887621105,train
0.9412840877064728,0.012029121659950182,0.006426777598029828,train
0.7616559346812046,0.052996103195887656,1.1256832968529917,train
0.7028384571844192,0.0680961555800037,1.1225550855686681,train
0.9513374916220662,0.00992767178817977,6.764888125675358e-05,train
0.8078134205481178,0.0417866597746237,0.11316762348885219,train
0.8584469322506981,0.03006486709174494,0.0012149184206523788,train
0.6691463690148782,0.07720714089529024,1.231257884332875,train
0.6311914019513395,0.08792150748639904,0.002909987703609522,train
0.5704668055524023,0.10618821674108225,0.012734132765868196,train
0.6734147303827182,0.07603286815627708,0.000890365321019166,train
0.7551506879032742,0.054619316197694556,0.056252693523916895,train
0.8291552539894215,0.03677627428236396,0.00015867057279648507,train
0.972429717463982,0.005575891898353502,0.004396479910735454,train
0.9655148384691706,0.006994187727169421,1.0019073863949708,train
0.9038913231882939,0.02000639093962764,0.019840602630626425,train
0.9035598796750042,0.02007827130146078,0.025805564417385157,train
0.8631030187023919,0.029014986064698434,0.11341406640570231,train
0.9006466308131426,0.02071097861258997,0.005492124636891252,train
0.8908791136080287,0.022844332151759295,0.08165947501594813,train
0.6892003967810568,0.07174113869593668,0.0007237411222686234,train
0.8216377640370118,0.038529246008336404,0.00037025617900550466,train
0.8598866902585244,0.029739736692221963,0.01954972082579121,train
0.792523095209825,0.045441860083578645,0.00044170360300923613,train
0.7674601025185906,0.051557161816428,0.00019932124959431692,train
0.958043694904298,0.00853574023249748,0.010303805689419717,train
0.6695228963220905,0.07710331352730115,1.0390715254398986,train
0.7142996965096066,0.06507646364766095,0.0007569142032875013,train
0.7196822942513853,0.06367167034543919,1.0622951401902943,train
0.8914949159505394,0.022709281630492906,0.0678435800179979,train
0.8567854292444343,0.03044061524245334,0.006839853970701278,train
0.5878965638697161,0.10079195376602024,0.03061977602501589,train
0.8537292999251127,0.03113328240225055,0.1117132705041799,train
0.8157760895950438,0.03990503000561829,0.00012304383418420268,train
0.7971034970020493,0.04434102480731572,0.000597236481296556,train
0.9443670334883227,0.01138279646931295,3.1145808740949e-05,train
0.799046266953622,0.04387563527165028,1.115088766190023,train
0.6915334649308146,0.07111352308992203,0.0040924426832208965,train
0.7056985790817885,0.06733893161852,1.169332076776381,train
0.7426152130108239,0.057779024081152874,0.0017818971936393666,train
0.6872027741885521,0.07227986864718638,0.007713313607032211,train
0.9396023928930447,0.012382395266795854,3.812708877901592e-05,train
0.9475416809722356,0.010719008080439907,0.00012097721985838316,train
0.828177236067631,0.037003612853583334,0.022532776468700645,train
0.9623546724581966,0.007645069428255824,0.005005515737968834,train
0.8550857958856151,0.030825590189419882,1.074798072213101,train
0.7630840011838109,0.05264125230857852,0.001153725622944029,train
0.9545280658311417,0.009264464446365306,0.00036220156822632844,train
0.7161470307220754,0.06459338005362425,0.1490877110291105,train
0.8792673438743872,0.02540497808796416,0.03152603236776014,train
0.7029898623711888,0.06805600896654329,0.08723271228252812,train
0.9667856733467504,0.006732921407561876,0.00019128764064958015,train
0.4321624688789879,0.15446924401537998,1.5998494513957162,train
0.550029259201569,0.11268635817547534,0.15291452190426816,train
0.6766656476687138,0.07514249344596025,1.255490651350021,train
0.7922736128714287,0.04550196568574516,0.000810576351691447,train
0.9849721012298064,0.0030238114124577775,5.0944206357558556e-05,train
0.7402793029904069,0.058372526035299854,1.0254017732000855,train
0.9458429430427934,0.01107397622720041,0.0001420726400701083,train
0.7506041084704174,0.05576044934631397,0.0013577110466893017,train
0.8059981336948857,0.0422176993339638,0.0004802417292987802,train
0.7383526302643023,0.0588631785779451,0.08882950069021184,train
0.8718432914012271,0.027056354321385534,0.013955886322857053,train
0.9774855219483857,0.004544004338144614,0.0041584831557320975,train
0.4093544398723987,0.16358868174657948,1.3702710584979545,train
0.9183932832222301,0.01688179163217507,1.0089507033070468,train
0.7754777044638252,0.049583728023433804,0.0024036332011199745,train
0.6219212367542611,0.09061648460211869,1.0526409482804426,train
0.7236966789384232,0.06262942614696954,0.0007085987598174695,train
0.8559718775146535,0.030624812230908516,1.0098313675437234,train
0.6666959654403293,0.07788398367145088,0.021963456719460123,train
0.7994767793849896,0.04377262878494803,1.0882429297704777,train
0.8137423067645991,0.04038422394532826,0.0002965557489361187,train
0.9630303659467283,0.007505757063366536,0.00037000176928866913,train
0.8854632406353622,0.024035305639746207,0.00022674404572115906,train
0.7187967670615691,0.06390220334260777,0.0004977524359582078,train
0.6798079316642465,0.07428511825303974,0.14192156797721334,train
0.9790450205364442,0.0042265730446414684,0.00014992487066520918,train
0.977658451534261,0.004508785072232957,4.757622472068051e-05,train
0.9258534560170233,0.015289768531565495,0.0013265147974009072,train
0.9457249076606914,0.01109865983649716,0.03578702841595268,train
0.6798862122592136,0.07426379982741482,0.1371752566568674,train
0.7965328389920249,0.04447789804625968,0.015716350929900338,train
0.8195381779432521,0.03902113118709194,0.046746875952060896,train
0.7995632039259137,0.04375195577968394,0.001938885715480634,train
0.9439241794526287,0.011475534832604772,0.0033536953173931706,train
0.9849538166757601,0.0030275129183870986,0.00014605103863161385,train
0.8220879575875437,0.038423906863570334,1.0033080644294161,train
0.948904283046967,0.010434646634634781,0.000141994350258987,train
0.8650852330711291,0.02856939968166361,0.011855953772471143,train
0.8270287345524443,0.03727085440203082,0.11822150989978067,train
0.7511976573359447,0.0556111628933994,0.03625992112175372,train
0.8602983586795235,0.02964685258377131,0.004126613080494793,train
0.4616736958717209,0.14322452540963193,1.4511937171759308,train
0.937318975033275,0.012862883412119497,0.01874261166930652,train
0.871437069582931,0.02714703681490882,0.0022228131032615743,train
0.5982069082780134,0.0976598439598021,0.0002666376597996203,train
0.7738399837791509,0.04998550177437344,0.013314969691441511,train
0.9520590927407955,0.009777520944598384,0.03550314223596354,train
0.3404294693012602,0.1938693579447115,1.7020562228835032,train
0.6921905972455138,0.07093705456906818,0.0003243689200008639,train
0.7577089855939445,0.05397963077826362,0.0003739249314693601,train
0.9172551870755378,0.017125573484051082,0.00289834943579192,train
0.7175208638819147,0.06423476440658915,0.18557070162209877,train
0.6553989396157094,0.0810303958828752,1.2576042596640762,train
0.9654757683035851,0.007002224378282129,0.02403112978756991,train
0.7328421059458455,0.06027218264903744,0.0019926420166065306,train
0.9887258607442957,0.0022650656805849323,3.001853264053088e-05,train
0.9734067319265948,0.005376149645644812,0.00018698948670889778,train
0.6692327169125243,0.07718332634156366,1.1145378105319155,train
0.6387397510248818,0.08575037908306749,0.045599111603418396,train
0.646341060926061,0.0835846619779016,0.05874324916887116,train
0.6300478151753462,0.0882522463497668,0.16294399901901654,train
0.9628541604237262,0.007542079026633175,0.0003951273557850964,train
0.983627581682174,0.0032961412536901546,9.647108511641825e-05,train
0.7143607308266624,0.0650604870289927,0.0017156924665810615,train
0.9517946000425149,0.009832546042614188,0.0003636322109723838,train
0.5320163848608505,0.11857573624583717,0.0005468696404819477,train
0.7179249411231183,0.06412939150223307,0.0005274175376104388,train
0.6483595355232619,0.08301299638332027,1.320045389159702,train
0.9192983571607992,0.016688095938532932,0.019386215590556543,train
0.9551655350001083,0.009132169810694646,0.00018430080814981037,train
0.7757561656372497,0.04951548208319523,0.012769998310962618,train
0.7383745310189892,0.05885759551065106,0.09541176988635086,train
0.9658814293579491,0.006918793420371272,0.00010034621699967629,train
0.6633771968511091,0.07880386369514647,1.252621071804089,train
0.8097231107589137,0.041334039732065064,0.0014952368186233343,train
0.9638189326761765,0.007343271694752462,0.001027892083014661,train
0.7496468141713104,0.056001422346739105,1.206313687548436,train
0.8684615911640249,0.0278122976224644,0.0002520746572858955,train
0.9493420564734519,0.010343357027820521,0.0002905926963837436,train
0.8651948596676075,0.028544780319635477,0.09075748785145804,train
0.7663652824182362,0.051827916557842135,0.0003286437055083285,train
0.9040330644433668,0.019975657861760476,0.0003618453256451331,train
0.91579707974307,0.01743825605440552,0.00011872541200045292,train
0.8528865908012395,0.031324630031362766,0.010986024336539725,train
0.8051056541524859,0.042429903291511084,0.0030897609796711203,train
0.8393174318305621,0.03442669897836148,0.014682146325353444,train
0.8215979813286919,0.03853855683923191,0.10964022454504956,train
0.8196175720917357,0.03900251261758536,0.00014194381690402102,train
0.7440705735125154,0.05741000457388368,0.1424256728875245,train
0.993815444497584,0.0012399824024779127,1.362297181963076e-05,train
0.9281859617186512,0.01479411101038075,0.02300890172741828,train
0.9420131478811241,0.011876124880902172,3.472638033562408e-05,train
0.6493225561115669,0.08274075447991025,0.12933363110674745,train
0.7896280544439968,0.0461402704031344,0.0007129560959276349,train
0.9687905651920515,0.006321301066828933,1.9972924593493444e-05,train
0.825641588530861,0.037594021593089666,0.001149454149823584,train
0.5604056669137489,0.10936347072757613,1.4287551975465516,train
0.7599675881348014,0.05341631664065449,1.093295933236401,train
0.7953549957065968,0.04476065388958883,0.00013047670258201365,train
0.8285967257247182,0.03690607691941672,0.008450100967256674,train
0.7723604962551959,0.050349042233913566,0.13022355103725514,train
0.6995042790772117,0.06898200527804066,0.27684765723439264,train
0.8088264322997484,0.04154645707058502,0.0011384087303899532,train
0.735008075194331,0.05971735113472232,0.0022405041583561888,train
0.8153774246436842,0.039998886901308595,0.00011609930527035061,train
0.9202997441600245,0.016473965892822573,0.02288104832388624,train
0.7811468345487529,0.04819817005863125,1.0515577844462014,train
0.8379541801639675,0.034740567224849195,9.208816945087478e-05,train
0.7588493621630491,0.05369504379143364,0.0005297945443253203,train
0.8152198477726492,0.04003599503362587,0.0008000296985001329,train
0.9799306545486565,0.0040464849240277045,0.0009907018349413956,train
0.7198355825899079,0.06363178719466889,1.2005473288192317,train
0.8057249837930031,0.04228262593920262,1.1404443164443474,train
0.6337198714188277,0.08719194235077365,0.005880945931093446,train
0.6997797649673579,0.0689086842322536,0.0007372159022414129,train
0.7462985786375239,0.05684619125840684,1.1391235301263185,train
0.8058048738566972,0.04226363457883231,0.019573012262262504,train
0.5605749442769332,0.10930967170329164,0.0012543904953835113,train
0.658844572558421,0.0800661605395987,0.04402642218158891,train
0.8422981935911706,0.033741841506177095,0.0001148290028525174,train
0.9831951162930889,0.003383799581935132,5.3460271390808264e-05,train
0.9505880248762248,0.010083717404247183,0.0038150410756868187,train
0.9000818991348037,0.02083381797570205,0.0003324710015581831,train
0.8035893422867395,0.04279086709111546,0.0007360321888080692,train
0.8294017951130859,0.03671900008206819,0.00011470834855342511,train
0.7628060473440158,0.05271027757333213,0.027184373771450235,train
0.8005913844674338,0.04350614899679994,0.0021582159890631584,train
0.9511766448840665,0.009961153213415175,0.00018005590897514842,train
0.815387904537906,0.039996419170883146,0.003878309198508694,train
0.7371651842131415,0.059166087720396776,1.0680127230086072,train
0.7134190360083286,0.06530711097354358,0.00035823325563271103,train
0.7548910333632475,0.05468433796335037,0.0008858718807217725,train
0.7591899255260296,0.053610120755005375,0.0005758070112542449,train
0.9465940788756418,0.01091695609431087,0.00034389239664146245,train
0.7630519957648517,0.05264919930321488,0.04512649842319526,train
0.8405137674811385,0.0341515964540795,0.01073603579409823,train
0.8730297054472641,0.02679169983363372,0.04117005487165861,train
0.755647516494142,0.05449495198764909,0.0036086417105064103,train
0.6548932472191737,0.08117225129517625,0.04548468287121282,train
0.946948741642056,0.01084285075697089,0.0015879961489504324,train
0.9755873489055646,0.004930918952556929,2.7868420921048204e-05,train
0.9903431087394652,0.0019388822171966247,3.3703103873009775e-05,train
0.9733550319907065,0.005386715235567663,0.010038974786984149,train
0.8386891972226316,0.03457128986671687,0.00015956370598502136,train
0.8464153738408927,0.03279906294419399,0.00014969247509551899,train
0.9681733747366178,0.006447942546326968,0.0028466882455016667,train
0.8580305632125295,0.030158974092955315,0.0012523527239846205,train
0.9914319777888037,0.0017195076962533973,0.0002655590216837363,train
0.8498212567467194,0.032021930616992766,0.06552440148693593,train
0.9477207319304101,0.010681623271729501,0.000523745639511177,train
0.7431197684486832,0.05765102412636136,0.004891507034198855,train
0.5341759504279421,0.11786131827707169,1.1097638705528323,train
0.94036669575217,0.012221775523722056,0.00019677890573076658,train
0.9570850575831684,0.008734235414505354,2.7264330224873185e-05,train
0.8137211842939923,0.04038920578449612,0.0008077275405596844,train
0.892319247052362,0.02252861580314991,5.8316177261357064e-05,train
0.9804559643687645,0.00393972797944353,0.00026133819831673647,train
0.7040426002904799,0.06777705597518702,0.03731985491169875,train
0.8094772236431268,0.041392270068524306,0.0052433640369592294,train
0.8679961936383241,0.027916516570703043,0.00016169871696563773,train
0.918488080455733,0.016861496832472178,0.024497698684622808,train
0.8907475580685719,0.022873193044982254,0.00014078262809845651,train
0.7556714420079593,0.05448896469672293,0.0013542402959077155,train
0.7348370121618438,0.05976112278373091,0.0008354798908088052,train
0.708598160203933,0.06657376280335492,1.2119555895401735,train
0.9514628451364858,0.009901581676907578,0.0002695081247766217,train
0.992313465356423,0.001542055470702075,1.4615128096140298e-05,train
0.7587483663671165,0.05372023401109005,1.0903794482585187,train
0.7307101830735576,0.060819575482997545,1.1659287693307236,train
0.7964873171775237,0.04448881990462494,1.0252474633348543,train
0.766702055702685,0.05174459782721219,0.04375355478866481,train
0.7652746361177312,0.05209794694200365,0.0011033698508060637,train
0.9820345054374856,0.0036192015100050545,0.0064240298818197955,train
0.5078057860883368,0.12674812056781626,1.5064901996386835,train
0.6318787253413451,0.08772295598499513,1.1371277052031936,train
0.7148642385859828,0.06492872820897688,0.1264145202586898,train
0.7915497439883785,0.04567644684071004,0.00023905408172361574,train
0.7761119235079368,0.04942832058784352,0.0002086795558866177,train
0.6232230273499265,0.0902361030045511,1.3030009387358692,train
0.7986311864946906,0.043974991478352043,0.11099114349106125,train
0.929373563168096,0.014542128404902765,0.02312451085216899,train
0.9079266086373482,0.019132942792848606,0.07394715649887226,train
0.6464075601849841,0.08356580554537629,0.002616481133785772,train
0.6387667631439322,0.08574264654354058,1.2540596403116322,train
0.9703253506586833,0.006006657599867515,0.012018187471143338,train
0.9501575405091847,0.01017339257113159,0.002400733949449164,train
0.7752799854363159,0.04963219738562186,0.03838834266153329,train
0.5169870494620242,0.12361298778013319,1.0058048782804747,train
0.8327449393170585,0.03594369249263818,0.02091534575443814,train
0.9038205482285253,0.020021738178595316,0.00013821267109371572,train
0.5358932314043477,0.11729486233822028,0.02539446496199517,train
0.8734655564967085,0.02669454639752289,0.0005636410649996864,train
0.6464502551454229,0.08355369984290761,0.003687687490137749,train
0.5882027946948448,0.10069829515920081,1.1085632556490408,train
0.7371425022127935,0.05917187753745101,0.0018336082723364217,train
0.7185034072623506,0.06397862502840934,0.0005597198085272215,train
0.9814119489428542,0.0037455638097178,0.005581310971998658,train
0.6948434177395808,0.07022601700001108,0.00032761751923378335,train
0.8551032551722538,0.030821632468286397,0.00047485643166377136,train
0.6269283585103606,0.08915687836710617,1.1880502286154626,train
0.6927399602718395,0.07078962960275714,0.0018975083878717807,train
0.9204569379185327,0.016440369536209642,0.00017670425973886396,train
0.9689632321516508,0.006285883040411666,2.9705485774152312e-05,train
0.6234753861024874,0.09016243765686116,0.0019394280623916279,train
0.9155268668470208,0.01749624536252181,0.0003590630139314277,train
0.9205100230199778,0.01642902491895204,0.0008024357461073705,train
0.8597227048918233,0.02977674636464256,0.12091793139866099,train
0.8363455230468891,0.03511146225410111,0.0068535564500714,train
0.70138315860707,0.06848239596891403,0.3216218810199364,train
0.9951127278220641,0.0009793708924357158,5.673677889792662e-05,train
0.9427111383835034,0.01172973695477475,0.0012465006817993566,train
0.972469173640779,0.005567822310201143,0.013781691039816702,train
0.9452833830560143,0.011191013507251824,0.046429547058407905,train
0.7137056696191051,0.06523201587847871,0.08526420182364226,train
0.8920626773564817,0.022584832988986836,0.012136658534798476,train
0.9773673088904409,0.004568082769499826,3.101315260541778e-05,train
0.9649417832036098,0.007112090079769429,2.2243637392667665e-05,train
0.6959533809646011,0.06992915698655788,0.006674425095555695,train
0.7058816338755876,0.06729055108525572,0.001172041121837531,train
0.9913256872520677,0.0017409135662067587,0.006907194313822659,train
0.6532845379823139,0.0816241054597322,0.0030357881762768176,train
0.8922901038533303,0.02253500074113013,7.552781598272804e-05,train
0.7123726159784473,0.06558146746370863,0.027791747440508555,train
0.6927399602718395,0.07078962960275714,0.0016314864400417916,train
0.6074725582923439,0.09488172685625029,1.255634778231772,train
0.7783281511315683,0.04888605832696291,0.10164598045687713,train
0.880348582867443,0.025165403128373343,0.00012173571872814927,train
0.7935945080027708,0.045183905909765065,0.0002428719989971436,train
0.7125784931347546,0.06552746392930486,0.0003711351756804732,train
0.6921188021482865,0.07095632814265229,0.00042689149218561685,train
0.9717559816026518,0.005713724982409185,0.00015406321599847626,train
0.7184761732841023,0.06398572088126342,0.001756355357848248,train
0.6020482939057433,0.0965039337774739,1.2643445040260952,train
0.6562586105134582,0.0807894442403787,0.00023298731344077012,train
0.7361737418525308,0.059419296861197846,0.002862749183096334,train
0.7473232287992461,0.05658734783355046,0.0003125190605887704,train
0.9644237949264409,0.007218710971400699,0.003953775416641956,train
0.7194552373248883,0.06373075938216144,0.002404016643414426,train
0.8468234552891043,0.0327058177892966,0.010273419621400205,train
0.9299944050337197,0.014410502089864385,0.013535574083199725,train
0.7187019052606903,0.06392691258307992,0.02325734889561249,train
0.778347093302034,0.04888142892045666,0.008295220832988759,train
0.9601839632234154,0.008093149591575921,0.02850524737780176,train
0.9655095273055947,0.006995280207097276,0.00015538848147158613,train
0.9412634754832149,0.01203344861181499,0.02815982847239014,train
0.980309605032212,0.0039694674948219655,1.3162054342316736e-05,train
0.6653491540865512,0.07825684360608354,0.02679460142603272,train
0.8012251628781802,0.04335475758847529,0.0014670733446429417,train
0.8549490153686962,0.030856598226334686,0.00021508792576817564,train
0.6909761616078388,0.07126328835878915,1.1571292875311234,train
0.9315593991082377,0.014079015251917126,0.00011734081517966292,train
0.9678105488760018,0.006522421031113335,0.00016013372136409757,train
0.8372887315273663,0.034893925182798435,9.242204884333802e-05,train
0.9043332318059496,0.019910586732893587,1.0422250931572037,train
0.6516963607623188,0.08207106661935026,0.19223416458995343,train
0.8135802543269611,0.04042244746236412,0.060443363671758975,train
0.5816586624293107,0.10270832162646881,1.158272580348979,train
0.80937119367039,0.04141738417287122,1.0479762573529627,train
0.8553120107577349,0.030774316160646742,0.000265150688626088,train
0.9213637340459426,0.01624665339928766,6.786483301086966e-05,train
0.9679144682429178,0.006501086870785877,1.0172650161918857,train
0.6055759895874148,0.09544760156137622,1.381062597316154,train
0.8466509008455914,0.032745241476560216,0.0001835763173082022,train
0.5877260668132919,0.10084411604165855,0.009917959954797002,train
0.3366047414630701,0.19568893044282387,1.6493134665971254,train
0.7962152263043099,0.04455411194353476,0.002527754558205133,train
0.5795302458541491,0.10336596230947925,0.13138626266253828,train
0.48135120882181703,0.1360424318219714,1.5076420732275904,train
0.9638177271076855,0.007343520022780048,0.005833215754433439,train
0.6083795680883524,0.0946116039454944,0.001775521523442306,train
0.49375563544532186,0.13163479511512455,0.15522858635448825,train
0.9167919244741444,0.0172248743076604,5.783448705131082e-05,train
0.6146574579988202,0.09275072230950121,1.3137331381095443,train
0.5380275480796985,0.11659286500090871,1.2294368921147976,train
0.6682824622504069,0.07744553986015223,1.0988365468559818,train
0.9766060523298556,0.004723196465272639,1.3119694402432496e-05,train
0.8609564787826491,0.02949843579679512,0.06695310838695133,train
0.8026986893526045,0.04300314450516096,1.0633588029904186,train
0.7406106329064511,0.058288251489118426,0.00017778952319721908,train
0.8743081524079034,0.026506837351710444,0.002553105111470194,train
0.9031292165012231,0.020171701010409993,0.0003477846870099163,train
0.9537249900851019,0.009431228232748778,9.777805305824123e-05,train
0.7090704345944154,0.06644937189907008,1.0282144430711715,train
0.9687905651920515,0.006321301066828933,0.019696838911769703,train
0.6779673685795287,0.07478693201550712,0.09388908157621928,train
0.7495248403733954,0.05603214363687059,0.0004145555547106537,train
0.733846035573957,0.060014854623380964,0.08841763772468282,train
0.8265579369862909,0.03738048875029398,0.050390775138881676,train
0.6842134399049608,0.07308839382120846,0.026450744128904365,train
0.9242618397431186,0.015628560733455754,0.00037767173406204135,train
0.7877062588917503,0.0466050235402784,0.0019013340815953084,train
0.9172551870755378,0.017125573484051082,0.050325193173559546,train
0.7517162008649437,0.05548081862092791,0.03550377161165358,train
0.6556284266814922,0.08096604969795462,0.0016659992612209824,train
0.6478893268023919,0.08314603997937053,1.3037237260604237,train
0.7548931729210298,0.054683802109803614,0.05158296541510521,train
0.8683764007999898,0.027831371413404304,0.07031024753027253,train
0.8371786875066641,0.03491929510183356,0.007581593445774519,train
0.9686051894515382,0.006359331582747596,0.015047951254714345,train
0.9317821635973805,0.014031866958467254,0.0014172684266992252,train
0.7577733878140913,0.05396354973871775,0.0004658703120154634,train
0.9550484019033774,0.009156473265282461,0.00011994818208555358,train
0.9785405611821556,0.004329209955593272,2.9883737169055746e-05,train
0.8757569025761426,0.026184430540159287,0.007987079576817786,train
0.9431334646149756,0.0116412055547922,0.014840405547161721,train
0.9212580383375756,0.016269225001476317,1.0544278352979606,val
0.9566514377060144,0.00882407287531184,0.00014096806633166105,val
0.9516998234179566,0.009852266361925599,0.0005392738587407623,val
0.7755384092650329,0.04956884867253697,0.0009947137004655765,val
0.9828164553651803,0.003460577376890872,1.2186076849167825e-05,val
0.8751568023086663,0.026317925857204938,0.0031574735761798678,val
0.9674438685380136,0.006597713435300689,0.00016279746452943188,val
0.9379980099092677,0.012719899776074017,0.03850702315660641,val
0.295936994684558,0.21613756580993648,0.0016883320199016527,val
0.5989913361011397,0.09742332052930802,1.1310583701556025,val
0.7670642437064729,0.05165502408740008,0.0004777500025203641,val
0.9363877177998446,0.013059112050617827,0.0001952982090541233,val
0.8400480063347777,0.03425866297052649,0.0005573538688667311,val
0.588115560833981,0.10072497106578437,1.227833478136836,val
0.5290803691489717,0.11955074648554564,0.007348913983960858,val
0.7104377695580784,0.06608960708785139,1.2238826478293072,val
0.6455044943457106,0.08382201024803526,1.0552223270053207,val
0.8608183390139816,0.029529581033503893,0.08070478101783772,val
0.812933278220654,0.0405751112755397,0.0037134265102877918,val
0.571955593262945,0.10572217418364971,0.0004839526150350827,val
0.818255548533027,0.039322118290470276,1.1006166640069048,val
0.6451093619406487,0.08393420165413856,0.007934358226316067,val
0.937530589881533,0.012818315017606219,0.045545302371127645,val
0.8299215931744328,0.03659828992080538,1.0794344204596238,val
0.2776977626445606,0.22604719932157957,0.10459294338510237,val
0.9389284799084419,0.01252410613549626,0.00028930375016092256,val
0.9501249217839417,0.010180188775790189,0.012193855433710637,val
0.9650947695220448,0.007080608670951394,5.246844285193327e-05,val
0.8575055334647848,0.03027769249009926,0.009686507481866242,val
0.9158691214182422,0.017422797790055067,6.80155809583161e-05,val
0.6304061299052154,0.08814856585119502,0.0023064380116036218,val
0.9354364216247251,0.013259724432667652,0.005322646559960595,val
0.6595732743032584,0.07986275565644085,0.05740193651014773,val
0.8589192344814695,0.029958162360889107,0.0003862572795440172,val
0.8924507862210143,0.022499799167652212,0.00022125177972817658,val
0.9726863660870958,0.005523406739891823,0.00017385918751798023,val
0.7947265110020328,0.04491166649897982,0.05909423981190581,val
0.9031131751392476,0.02017518177303035,0.0014232689982106189,val
0.9494523826942237,0.010320355834228634,0.0512916929887986,val
0.9845506549762005,0.003109142521876773,1.005782512244232,val
0.7838677560674157,0.04753602123791423,0.019995496832543577,val
0.7105767108078008,0.06605308072817839,0.14706828039002812,val
0.9312602527931587,0.014142344014719588,0.0001016618888922343,val
0.8101006282147276,0.04124466457297338,0.00702508515403723,val
0.7892783467751164,0.04622477377628331,1.1150164873594548,val
0.8568521614622144,0.03042551255042214,0.0002883516318932013,val
0.8321407289809518,0.03608363015810834,0.0001325067777534849,val
0.7318396568605917,0.06052941272480372,1.0058256214614556,val
0.9895712444046681,0.0020945066777231514,0.0013222657492379883,val
0.9863497467990014,0.002745080257273713,0.0002813330756996957,val
0.7144745684666663,0.06503069129146855,0.02038655621063307,val
0.9566502215775617,0.008824324878875967,0.029131498522610016,val
0.8163703171519899,0.0397652002806288,0.004088630380610162,val
0.9863497467990014,0.002745080257273713,0.0002815269349675848,val
0.838082405550823,0.034711027855764076,0.018514678555321462,val
0.6427364092190474,0.08460912172984514,1.2697986697342378,val
0.9384901207752748,0.012616328268811428,0.0007083366852579981,val
0.8384496206537753,0.03462645226331407,0.007288627404808434,val
0.6837619263463249,0.07321076021981932,0.033047835916744636,val
0.9801986279804704,0.003992019867476326,0.0002779129076923481,val
0.7001941496823717,0.06879843850313283,0.00143132153988476,val
0.7383193508268119,0.058871662618612874,0.019149909973037088,val
0.6991542967683931,0.06907518699758908,0.0008512229225396409,val
0.9881357210505511,0.002384197512287911,2.9018857675345752e-05,val
0.7255852695652756,0.062140695365517584,0.1448235921241318,val
0.8739857802088773,0.026578636619807305,0.0001842632491755023,val
0.9705570362364964,0.005959194771061882,0.00018046067679898056,val
0.7326081340464149,0.06033219502682052,1.2191314424440727,val
0.8587669688934628,0.02999255778707588,0.0063937679698314025,val
0.8104326144185361,0.041166096214880876,0.0008429609351847733,val
0.9619130829985097,0.007736157245331277,3.3286694250884584e-05,val
0.7182508739675094,0.0640444312022731,0.011333259066358434,val
0.9153307495576529,0.017538341884765107,1.063664446812817,val
0.85574287078622,0.030676687112986656,0.009118853085808216,val
0.8559851039501546,0.03062181650184581,0.003822443289883487,val
0.7782775918752141,0.0488984152905555,1.1883934290295046,val
0.9166475827880993,0.017255822301269652,0.01315413667805193,val
0.8126876582335831,0.0406330944878085,0.0010118033820551897,val
0.8531363966962426,0.03126789271707009,1.0676380533769987,val
0.6828992287168986,0.07344474303286763,0.0026585807691377446,val
0.7014318185110994,0.06846947113636492,0.011223585640926804,val
0.7391596183206547,0.058657543945849655,0.062293391164550994,val
0.6766314014353594,0.07515185509371258,0.0006988181455270035,val
0.7181542956454813,0.06406960287523877,1.1735757168462582,val
0.8865559832237434,0.023794538530686915,7.529409103144829e-05,val
0.7831005843198175,0.04772252965683421,0.0018220808981795188,val
0.8328326873646047,0.03592337642960375,1.1434907369104774,val
0.8160534019096027,0.039839764556837354,0.028557065980964188,val
0.7634246900953507,0.0525566752511899,0.00017782686124786297,val
0.794035853451903,0.04507772825303813,0.0013819669941844703,val
0.8828072005908469,0.02462151114952016,0.025058015876719766,val
0.6306135995173127,0.08808855483446343,0.009212146260612638,val
0.941734745190375,0.011934537838899084,4.354427512727956e-05,val
0.7703561120484359,0.05084245026744438,0.001735243884791853,val
0.6125736639539429,0.09336670427477822,0.025802022707101756,val
0.959520554108946,0.008230252898189905,0.01665978388450059,val
0.9223555404970832,0.01603495132445132,0.009475862215408198,val
0.9416659867501054,0.011948966492959512,0.006996937651820066,val
0.6240682415369601,0.08998947265845159,0.09916733670317458,val
0.975638413157226,0.004920502377513403,0.00040508206268757716,val
0.9877926953546995,0.002453470462481566,0.0011866848668588951,val
0.7207050483335644,0.06340569472584101,0.0011632592747429392,val
0.9651631018400614,0.007066548588093857,2.5861596994720296e-05,val
0.9480671141155275,0.010609316702545168,0.007189966642788237,val
0.8425105328322358,0.03369312863006235,1.0877594627333624,val
0.7564731394010772,0.054288429855331444,0.00023626153037085445,val
0.9881345246862494,0.002384439080826528,0.0006037093470779485,val
0.8712420727684389,0.027190578733710224,0.0007477024745419962,val
0.9607307173791282,0.007980211711157703,6.149651630151076e-05,val
0.3499255387666167,0.1894214108365393,0.37487012813242415,val
0.691700000762007,0.0710687883112916,0.00024594607353710444,val
0.5967562606060649,0.0980979028266713,1.336621791485388,val
0.9158055548967342,0.01743643745700596,0.005637012349356117,val
0.9758993773321264,0.004867275215221123,0.00015873038597182128,val
0.9308797388606094,0.014222921683389678,0.0001364138061467461,val
0.8812624441828008,0.024963098276896467,0.007505971928585526,val
0.6872027741885521,0.07227986864718638,1.223978851726029,val
0.6846209027700864,0.0729780212088108,0.12329194694362905,val
0.677394540626981,0.07494333102280804,0.0013278585917032603,val
0.8494617591359908,0.03210384071240835,0.0025945307296863533,val
0.8265079264375794,0.037392137611904186,0.0014072805747909554,val
0.9696463396468559,0.006145811219805841,0.00013488567234954145,val
0.9663418714829863,0.006824129781284438,0.0004691236193164145,val
0.8450638659496809,0.0331081346912484,0.008115994149714005,val
0.9634217370661252,0.007425101152830682,0.00030410924189163124,val
0.5535199819400181,0.11156295145673667,1.3115407232428298,val
0.960106797699304,0.00810909309314023,0.005221209796968477,val
0.978139848556769,0.004410768807787457,0.00032188006448737424,val
0.8385304690891261,0.03460783553817448,0.13110220508964532,val
0.7011715137255136,0.06853862051073911,0.000209955144996943,val
0.8630255028335277,0.02903242765612546,1.0516934058015848,val
0.777176125645107,0.04916777929298488,0.0015185079901810252,val
0.9284720981500494,0.014733375650477165,0.023478393694024293,val
0.9721823861680262,0.005626482131321109,0.0008315216874589591,val
0.8345910531867239,0.0355166273702604,0.00017752564743664308,val
0.7564811330861082,0.05428643118860432,0.0016048895493198803,val
0.6927390721862643,0.07078986785052588,0.0008387712717278612,val
0.7581994441306209,0.05385719229902619,1.2149180697484667,val
0.9294795612331573,0.014519650497932468,0.0006006573886056431,val
0.872741528390322,0.026855957290047416,0.00048603694054956214,val
0.7880965986025339,0.04651055325482023,1.1460522368392716,val
0.9363246762759915,0.013072401403293243,0.015951312804400708,val
0.9010748389448625,0.020617876660842693,6.643773800315589e-05,val
0.8314961148554051,0.03623301516172983,0.00025684561090371375,val
0.9373224628340175,0.01286214877801195,3.773941612227113e-05,val
0.5292880667677545,0.119481630897048,0.009995839705476125,val
0.9318913643283411,0.014008757824575668,6.137318591760725e-05,val
0.9620211157638083,0.00771386995278367,1.0175080114556474,val
0.7252110924382649,0.06223744427286093,0.05655371261708409,val
0.6889183945238986,0.07181711484154962,0.24284968233974097,val
0.8775519483054153,0.025785549973498023,1.058297390262096,val
0.8308340644191462,0.036386537385744044,1.078693306206303,val
0.8356164124458524,0.03527975535633543,0.00011212784377789393,val
0.7285312896444165,0.0613803502743715,0.0019895968468344304,val
0.9356960436498865,0.013204958321934579,1.0514315638915532,val
0.6429683669262136,0.0845430600219953,0.014788272000265928,val
0.6695621697254166,0.07709248658065504,0.027599352182256193,val
0.5972899263999183,0.0979366503183019,0.0005212907533196457,val
0.7461610757335011,0.056880948378443486,0.001512923833753216,val
0.39767601876855163,0.1684164677452501,0.5660663162524868,val
0.9876144889950674,0.002489466267320828,1.934494461957879e-05,val
0.7912070337316067,0.0457590981530861,0.018586307193119444,val
0.7035694547323446,0.06790238809616778,0.03959266000282998,val
0.8179484039572656,0.039394250111408735,0.024618268265674786,val
0.6514378340428792,0.08214390631437363,0.00026956957007975526,val
0.9831027756765556,0.0034025205072808484,0.0019830328861528373,val
0.9341650802489212,0.013528083938278757,0.0008649032613041834,val
0.6758314112889556,0.07537065060116366,0.016594485717518637,val
0.9531307115368658,0.009554706291256876,0.009795477573026094,val
0.6152772380485598,0.09256783399023638,0.0012253196945461952,val
0.924942526620166,0.015483612323354046,6.020871382618221e-05,val
0.9472867290534278,0.010772250326576804,0.029140268600173238,val
0.9117077157570048,0.018317326059875128,0.0052459654314734065,val
0.7265578538522194,0.0618894062083446,0.11163157321378489,val
0.972658950934527,0.005529012665060895,6.392237390641266e-05,val
0.9802603019814302,0.0039794864381457185,0.003867088041683738,val
0.771854078082087,0.0504736075596377,0.012765768652035365,val
0.945333785308412,0.011180469126996329,0.0004970229919421036,val
0.6521056934729965,0.08195578471947351,0.07723726255611978,val
0.7544218793199486,0.0548018672325582,0.0722114254690164,val
0.8650377122714659,0.028580072427318193,0.019066371265564076,val
0.6224790252815087,0.0904534215693652,1.3444353037117687,val
0.926594097519267,0.015132274059023287,0.0014390903895412242,val
0.7797870358659083,0.04852977506905032,0.04178319262415791,val
0.9319505988830297,0.013996223473581981,0.00014105264028478997,val
0.7996713338012709,0.04372609331166022,0.0014380318262150965,val
0.8360070523874245,0.03518957335330375,0.05620105357771957,val
0.7353584803584193,0.059627714817812705,0.2227584035198825,val
0.9220697444717725,0.016095936085353757,0.0016630122119839926,val
0.7369501396627741,0.05922098581445212,0.0005771141105636924,val
0.8772237991693134,0.025858419838060476,0.10059253906495486,val
0.5878286405178758,0.10081273294763293,0.06435686195938507,val
0.6206847244631291,0.09097838227201871,0.0014039493392819734,val
0.9699073600802512,0.006092309584839639,0.00011075869659735024,val
0.6835657965926378,0.07326393422601052,0.04520959759532744,val
0.6503482573014895,0.08245114803425657,0.0005705919621721786,val
0.9704824711970932,0.005974469086107215,0.00022681292039299599,val
0.5980248361424544,0.09771477846565302,1.3536849090176852,val
0.9249580508602435,0.015480307519928127,1.034286445427008,val
0.7474260651241804,0.05656138537268052,0.008528944657958356,val
0.6737288153995755,0.07594669537359844,0.0002803977634695863,val
0.6555264922321266,0.0809946290097947,0.0008241265410899827,val
0.9373080342102549,0.012865187887586838,0.03444657181461377,val
0.8534561927247448,0.031195278246128777,0.004394387811088714,val
0.757944085941882,0.053920932221482976,0.00017262218380005147,val
0.9611253770799608,0.007898722505065403,0.0031738839421700674,val
0.6565188475411642,0.08071655386317278,0.0017412309793374862,val
0.7212595837564998,0.06326160944596315,0.00017117132140220275,val
0.668365819166975,0.07742252640014369,1.1824095185976726,val
0.9127534495231671,0.018092230225022154,9.095746765112795e-05,val
0.4573447392900231,0.14483732407826733,0.05027801748990394,val
0.992313465356423,0.001542055470702075,4.096648190841465e-06,val
0.9708810276592064,0.00589283747578162,0.003184680481266562,val
0.5005284825234533,0.12926548615577027,0.09070812383118068,val
0.9637140368596054,0.007364879502566923,0.0011365555077583376,test
0.9928823464291223,0.0014276009884636176,1.2151053446197774e-05,test
0.7797180424407812,0.048546612361816344,0.0006157520647525968,test
0.9186690196796814,0.01682276485415579,4.4566500374902875e-05,test
0.9814976413611805,0.0037281667379875927,1.0169166277415079e-05,test
0.9773054423898665,0.004580685083504066,3.638043360156118e-05,test
0.8774411664113323,0.02581014812348159,1.0013524291447211,test
0.6435605879101352,0.0843744815341757,1.3454923556116671,test
0.9574772146379062,0.00865301626610937,0.025702449884192374,test
0.8129232167025678,0.04057748621058532,0.09368245188544563,test
0.8948362968738871,0.021977787650643177,0.0015276359868486129,test
0.9191401381267257,0.016721945530476567,0.0028256229673392177,test
0.9834723967376988,0.0033275928310531055,0.0009639626121364556,test
0.9309235077657416,0.014213651834629082,5.5305757243576525e-05,test
0.6464193989386727,0.08356244872844298,1.3429722699403608,test
0.7542301900016989,0.054849904758548784,0.2744509305117612,test
0.5611770555995673,0.10911841646697984,0.03707749611753029,test
0.900910457798927,0.020653612583728886,0.00024107922677550042,test
0.886471958285878,0.02381304355792102,0.0008980757636480634,test
0.9771746894605357,0.00460732178305201,5.244696760558641e-05,test
0.6246516557120559,0.08981939041868248,1.2714757095588876,test
0.9662188216423082,0.006849424423142514,0.00021320836041269605,test
0.42146569291152997,0.15869698403188126,0.0009066863679344462,test
0.5253659240079814,0.12079048377024271,0.002783113960688744,test
0.7764121755423621,0.049354783017868664,0.0436279270609137,test
0.6651891996493616,0.07830116652642882,0.013721205132705907,test
0.6810726689620078,0.07394092814079012,1.3159687177216035,test
0.9305535649609091,0.014292013278222826,4.459736817281069e-05,test
0.6960892759220856,0.06989283786796718,0.03383612671149287,test
0.8163465480040202,0.03977079191677213,0.11457377989741445,test
0.719855800804916,0.06362652724875384,1.275799233165937,test
0.7944530823064404,0.04497739590417105,0.023972515604479286,test
0.8026598322651509,0.04301240995708311,0.002602706943405145,test
0.8644573232315301,0.028710460465442122,0.00028011180318750613,test
0.4751583819446777,0.13827701146235138,1.071720433773578,test
0.8820444174781461,0.024790123166403943,0.00674844601916663,test
0.6817824753605197,0.07374798285491546,0.0002671714697236946,test
0.7386265922888854,0.05879334812580217,0.00030715268097701197,test
0.6355966730646133,0.08665191389708338,0.0023912638645745363,test
0.8157093990475538,0.03992072827231041,0.00014384977531198807,test
0.8661725632130565,0.028325323125525603,0.00029630632244249597,test
0.7385786738253722,0.05880556061517084,0.00735086994799516,test
0.5641315882476969,0.10818230798531547,0.02438064831117469,test
0.8749800569609951,0.026357257707284032,0.00015528005887482853,test
0.5714414274621423,0.10588301621704022,1.3973106137859268,test
0.7900892599537808,0.046028870455820825,0.00015041959950196608,test
0.7970825777668414,0.044346040935039244,0.004357490398176251,test
0.773313970494438,0.05011469028503279,0.15651754358884576,test
0.8801867805971619,0.02520123939850505,0.005235430057685383,test
0.6646510279110318,0.07845035501828712,1.1271751216838277,test
0.6671805521640112,0.07774997496476699,1.3324510371270357,test
0.9813287243857881,0.0037624610253754742,4.3260999496921184e-05,test
0.8673901762749436,0.028052292294562742,0.00542828874838941,test
0.8335535429672812,0.03575654350799129,1.0507924924873016,test
0.776336508093943,0.04937331330487871,0.0009961351867770732,test
0.7483489525619232,0.05632851740872513,0.11837259372293102,test
0.6392749333045241,0.08559722553568627,1.3532989288786699,test
0.9528955265959678,0.009603589578597194,0.005491058420218484,test
0.8985294989851859,0.021171811105529015,7.165340538235537e-05,test
0.9240258770852459,0.015678827576586563,0.003021635773945699,test
0.9205262806157222,0.01642555067403706,0.00030067187242618405,test
0.9477963996877394,0.010665825978354748,0.00025559539553624374,test
0.8457722122453979,0.032946096109705,0.0005581288651550382,test
0.6215184484119781,0.09073430788423276,0.0025664245809008217,test
0.573248808501085,0.10531813960831737,0.0027685408017193076,test
0.7200014609962974,0.06358863596523945,0.032145181339787506,test
0.9515551726540927,0.009882367099771416,0.0005395498975193521,test
0.6808446828017489,0.07400293530596735,0.02667645008021764,test
0.880675742537259,0.025092959286659,0.00903622842414563,test
0.8003912917976947,0.04355396528567945,0.006124366884832654,test
0.7817168667428547,0.0480592974777293,0.02300726673581287,test
0.776947307745052,0.04922377510965148,0.001463888389349038,test
0.6464193989386727,0.08356244872844298,1.3201913836821777,test
0.984115850957189,0.0031972088370222362,4.697428055256728e-05,test
0.6692513862993887,0.07717817769033763,0.01988240392411492,test
0.639737308813049,0.08546498972967975,0.030449864232528403,test
0.7998174621318046,0.043691146830364125,0.04651010926555558,test
0.8539679151842682,0.031079129278807738,0.06467279464089028,test
0.8909697972940315,0.02282443978507276,0.010835170824324324,test
0.9730952060942774,0.005439821014611712,7.991739390003096e-05,test
0.7959102577898579,0.04462731465454983,0.0009149065295725645,test
0.9052019448251832,0.019722361985730186,6.467604461709287e-05,test
0.7251191708391674,0.062261218041726685,1.1856534410999282,test
0.9535589498826863,0.00946572155022174,5.81673540033909e-05,test
0.9890034779740702,0.0022090426077965297,0.0005814862614819241,test
0.9803531995605683,0.003960608924283293,0.0013857338248830155,test
0.7436662642587092,0.057512462789510166,1.2686997287163064,test
0.6657436811651445,0.07814755770402726,1.2878553607162384,test
0.6507733617222116,0.0823312270152532,0.0002472876286148208,test
0.7342021907174812,0.05992363233536191,1.2433637415387486,test
0.9653826431853587,0.007021381068961774,0.0004902193238097223,test
0.9445141061156767,0.011352005586593661,0.0057749062996290965,test
0.9482191665508516,0.01057758274394649,0.031982572307215365,test
0.7826875614586614,0.047823000880039435,1.0096672986375195,test
0.6021321456953935,0.09647876784226184,1.053243402246757,test
0.7877638447831782,0.046591084208557176,0.0009258930687839343,test
0.8373195051837344,0.034886830997731266,0.0007525844563544757,test
0.7271440422286808,0.06173808112346524,0.028766386259824202,test
0.6202863577322926,0.09109509755717127,0.020155536207760293,test
0.968064038384056,0.006470384036318166,0.0048606795585351276,test
0.804048591764967,0.04268148352552914,0.0005986502298049134,test
0.9346564222485225,0.013424335007315324,0.0012951845424450043,test
0.7894419890370707,0.04618522752654419,0.00021665364061724572,test
0.6989728789188328,0.06912350363108966,1.2524416433584453,test
0.5142114170536146,0.12455605552286264,0.036236561944733375,test
0.9824348134138767,0.0035379835568961626,0.003926173801881386,test
0.9563008298654032,0.00889673570606242,5.659224498261367e-05,test
0.8424780252089636,0.03370058558717692,0.00011054275473391806,test
0.7705837520997171,0.05078636172983697,1.2556071867057341,test
0.9821163374469838,0.0036025965689509,0.00017291038485905575,test
0.8988372585377752,0.021104767683552184,6.767109861094407e-05,test
0.6215651231797517,0.090720651494681,0.00024780527688609974,test
0.7711473830766392,0.050647544956500035,0.0021230401661576207,test
0.7278000748926557,0.06156884135339824,0.0016837776690732421,test
0.954714386009754,0.009225789918622884,0.0058464086396351434,test
0.8751420057318934,0.026321218354951714,0.006282057772118595,test
0.7305824984428576,0.06085240034056649,0.0016097442332235166,test
0.8708757492521512,0.027272398225414385,0.0008355132028312946,test
0.9389862567991579,0.012511953584206204,0.004590286481031538,test
0.9734384546594508,0.005369666892985792,0.005189141232250736,test
0.9192939173590908,0.01668904573209473,6.435517601564828e-05,test
0.9907252765438334,0.0018618648764207046,8.688604592821554e-05,test
0.7969580702529622,0.04437589820128274,1.1822474471108249,test
0.6923481379282783,0.07089476798261996,0.003715449674693665,test
0.7086660441193063,0.06655587898619275,0.06450810632568983,test
0.8488188884268308,0.032250385399258286,0.03254808202120713,test
0.7090285286754615,0.06646040669051212,1.2869644787875865,test
0.8388112310909406,0.03454319646955095,0.000278899433098729,test
0.5741194230826173,0.10504654713372585,0.371672540078245,test
0.8176835467391035,0.039456468296673375,0.04433070687590431,test
0.9839601244751619,0.0032287576466614176,4.4143849513595287e-05,test
0.772599470050616,0.050290283762171484,0.0016683856865411688,test
0.9197986745688492,0.01658108802426428,0.00503306305786739,test
0.8168633545924827,0.03964924374228862,1.0887066356562476,test
0.8916395723238726,0.022677568122393743,0.0009738110897026488,test
0.8221652707427942,0.03840582128412984,0.000677428759898857,test
0.7023857686780626,0.06821623178907665,0.012059571552705815,test
0.682977196332948,0.07342358676191185,1.238040835351118,test
0.5946488930945383,0.09873579462636417,0.010060964432911238,test
0.9919326528843817,0.0016187013353901047,8.970614441556808e-06,test
0.9754704095856833,0.004954774998098377,4.491874944477895e-05,test
0.672632013542899,0.07624775537831951,0.10691939424253889,test
0.79257644573303,0.04542900877229894,0.0006523295493002739,test
0.8166180890337239,0.0397069202820306,0.0006446173347506739,test
0.8424780252089636,0.03370058558717692,0.05530842105663347,test
0.8467671613048157,0.0327186786261453,0.03276272707929711,test
0.6155330743923297,0.09249238327944809,1.346162820160594,test
0.9643305860620371,0.007237901620695153,0.00012203657634829034,test
0.8534218680644793,0.03120307113068499,0.0006026244594751838,test
0.9858256350292203,0.002851084069838028,0.0001501203282136329,test
0.7044461155061184,0.06767022154972069,1.2871427198854928,test
0.9396482033867933,0.012372765157690369,3.872998139557855e-05,test
0.86637653032863,0.028279565265206363,1.0981198107906283,test
0.8519895456352311,0.03152848160378663,1.0101402036666873,test
0.7854080118694021,0.04716200752020061,1.22293077090155,test
0.7368060048549704,0.059257788741726936,1.2961304118593555,test
0.5845874672873645,0.10180651605650803,0.0013537751897464143,test
0.6505813335443298,0.08238538997753753,0.0018800080736632715,test
0.5244540107746369,0.12109591661471397,1.0451168476473172,test
0.8068111882135273,0.042024543750548315,0.0017516978984266243,test
0.9847637105117278,0.0030660010680220173,0.002554265841129485,test
0.936021616927246,0.013136297266310382,0.0001381486358002743,test
0.7655211226521259,0.05203689304449033,0.15513684565998656,test
0.6676342205140243,0.07762458704924391,1.4001272350679914,test
0.7283369998238629,0.0614304191465499,0.004021767814251736,test
0.5327883693229747,0.11832008576078723,0.0018033899571063081,test
0.8985294989851859,0.021171811105529015,1.0886244342695057,test
0.8968869238026351,0.02152994644819206,0.017131212348640165,test
0.8011545267255774,0.043371625786208456,0.0003676395981075755,test
0.8508170274715772,0.031795192873192546,0.14015638117961493,test
0.9716016329107173,0.0057453124467810035,0.002208466391898447,test
0.9430280588702051,0.011663298579015158,0.00205366972497803,test
0.9120430744758825,0.018245117081069906,0.00040678752678719804,test
0.684045286967163,0.07313395803402056,1.308668289509261,test
0.9461800238517762,0.011003499309838571,0.0002696292411521106,test
0.6224626229147131,0.09045821494335449,1.465886990603573,test
0.8515619274032646,0.03162571736177078,0.025520243276704564,test
0.9735935872172238,0.005337966951032169,6.037035850121348e-05,test
0.9367926200518819,0.012973774432502805,0.0006865465798401934,test
0.842582662867387,0.03367658346911362,1.0056254956359454,test
0.82011907739886,0.038884938899499844,1.006566595909747,test
0.8044088980861078,0.042595701122321805,0.024939664249228787,test
0.8190794368672155,0.03912873794185401,1.1602151651224493,test
0.8137333990531056,0.0403863248605284,0.13933835219696442,test
0.9893351396936214,0.002142129863759612,1.5633734328123266e-05,test
0.7838505281004825,0.04754020795488578,1.2191998703338576,test
0.7922134938253493,0.045516451906716604,0.008068904288320317,test
0.7941931403362439,0.045039900024259616,0.000988856572495949,test
0.6509000892383359,0.08229548958849697,0.009347277974272322,test
0.7384075756585025,0.05884917183039917,0.21041673046072631,test
0.9276114309457716,0.014916106240126514,0.03364000267026487,test
0.9499703296661519,0.010212401024344508,2.6249122864133613e-05,test
0.695954894459874,0.06992875246043917,0.023546050391688913,test
0.6419689538731446,0.08482782955166046,1.2616478689920014,test
0.9907841795736758,0.001849996407211063,1.47395738517824e-05,test
0.6950261752411444,0.0701771123716074,0.004224190905952424,test
0.6138361740531393,0.09299329898761965,0.00028403561139545355,test
0.8019241434366846,0.043187902317248006,0.0017015743129623483,test
0.6276974757721946,0.08893350303600989,0.09861912058557752,test
0.976351657413966,0.004775053556236419,0.008826540255114148,test
0.6141680975844832,0.09289522989881782,1.1607467292141753,test
0.6799848853441551,0.07423693064175141,1.055326239042334,test
0.6725297103780645,0.07627585648742063,1.3138698830994802,test
0.6960986697708375,0.06989032748915736,0.18953857643887148,test
0.8641239845325525,0.028785378759942692,0.000480033334097399,test
0.8761431359204501,0.02609854969610681,1.0402247471062875,test
0.9096915876626552,0.018751884419072495,0.00012138236522677059,test
0.907021505622455,0.01932858414624461,5.0258365399227246e-05,test
0.6157232702624963,0.09243630737434028,1.433293915049558,test
0.7203547468319287,0.06349675949603373,1.1327516338223977,test
0.8980457081285681,0.021277238951707855,0.01219083688470603,test
0.8168633545924827,0.03964924374228862,0.008554949060430458,test
0.9194504492652389,0.0166555615432471,0.02443477263773951,test
0.6994764268638001,0.06898941947854287,0.015188237572689469,test
