p_pred,theta_pred,m_pred,set
0.7028312368175595,0.3526384774167753,0.0009074925674699857,train
0.7823170728673798,0.24549515659036847,0.0004771897474721055,train
0.8019293127554181,0.2207348137090217,0.03945526492687103,train
0.8176195432621989,0.20135815661118378,0.0004927656800436609,train
0.644461658197429,0.43933994914456753,0.007764698449229617,train
0.7700278444758449,0.261328603131283,0.0035995092195901038,train
0.7386427249420338,0.30294093239043945,0.5400991262087,train
0.6151324263069611,0.48591770702682896,13.832161852335824,train
0.8415564559548274,0.17250217793463166,0.0012069214801454882,train
0.7383301295182131,0.3033642244334098,0.004011030411811489,train
0.6596250661955801,0.4160836869029577,6.532083595356433,train
0.7181832495391232,0.33103052029822194,0.0012857290326759795,train
0.6940797678780253,0.36516838577483646,0.004861944000341469,train
0.6814371682676681,0.3835512283282121,0.005013309401877154,train
0.9278772967607877,0.07485577825632671,0.00019346948102072018,train
0.8399008918389174,0.174471380011713,0.004187851473103509,train
0.8301063535139286,0.18620144963653792,0.021762038328453727,train
0.7609876954504253,0.2731380901730811,2.1774276303451936,train
0.6688363384931857,0.40221588481628645,1.157170568876038,train
0.7083854027230085,0.3447669792668368,0.20073663844242312,train
0.8142693717418841,0.20546404420687844,0.08687175215474621,train
0.8390318922887081,0.1755065609743177,0.013000420281625045,train
0.6219779614083277,0.4748506186900882,38.69875405956864,train
0.8851860644299979,0.12195741377823843,0.15346820795143057,train
0.6982960386452889,0.3591121420013307,0.0021402672240337255,train
0.7324605215240616,0.3113458350736223,0.01325758558792526,train
0.8481639073160822,0.16468137493840357,0.0008131505013111145,train
0.8026230090005785,0.21987015348077735,0.007129313488073862,train
0.710570863640403,0.34168659871204793,0.006039405993757284,train
0.7472199144343876,0.2913957403423813,3.053527983100436,train
0.8558555736712093,0.15565363942232938,0.021144800907457073,train
0.845007699395441,0.1684095399558936,0.01790643359108061,train
0.9270985663793183,0.07569539071996095,0.04363861498516865,train
0.7671157855445108,0.2651175300191105,0.23060607956160437,train
0.8522089635790696,0.15992351980798258,0.031935696282621655,train
0.808944006475588,0.21202557757537413,0.0024455567288059615,train
0.759948081624802,0.27450516168682043,0.0006271976671121921,train
0.8618280098805986,0.14869955272657084,0.00031708567586182684,train
0.709165177049369,0.3436668077228522,0.0024497344107475448,train
0.8103038129787602,0.21034602388817256,0.01884081676241677,train
0.6297696877351932,0.4624011014589007,0.20127679944752888,train
0.7237754296623472,0.3232741147365768,0.0019058725259689018,train
0.8508451234204911,0.16152516060205843,0.04108478776410395,train
0.8783230108232929,0.12974085912719158,0.07686618025645135,train
0.7441489974860314,0.29551399876127704,0.04089336409854998,train
0.888914271136146,0.11775448103590627,0.0003643615355876756,train
0.7238271558992926,0.3232026500438726,0.0008328359051921892,train
0.7025473464118676,0.35304248301774444,0.01285676242576829,train
0.7136649656339923,0.33734166257485854,0.005951976398077521,train
0.6475323906480906,0.43458646249267574,0.09700960655401007,train
0.6991607282594289,0.3578746228952364,2.20721687197772,train
0.7322362010396751,0.31165213805455294,0.07286895763999246,train
0.7709303885037666,0.2601571967792992,1.938542018474569,train
0.7944011211770443,0.23016675490140945,0.01598261050542064,train
0.7870848266572066,0.23941925154818766,0.009264440806200768,train
0.6656639744769732,0.4069702785936767,0.0017390821951438443,train
0.6841002784729389,0.3796507661506004,0.00058294687513591,train
0.7636630958694026,0.26962856106616934,0.010607498829715952,train
0.7598010411616869,0.2746986679193548,0.1740029767460537,train
0.7466405985804683,0.2921713360260651,0.0027584669370098193,train
0.7547591946354185,0.2813565281104419,0.028406372930769593,train
0.8788503300025124,0.12914066882974343,0.00023384605956604506,train
0.834512292834989,0.1809078052098479,0.0004120304959475362,train
0.7282903068139229,0.31705553717826285,0.0474715443197903,train
0.9125474176496656,0.09151523032802202,0.00532171018223873,train
0.8031991608670592,0.21915257478244513,0.0012854516548526835,train
0.9076485560706007,0.09689802809078901,0.0002530872216626316,train
0.8224496469402206,0.19546801774216943,0.0014316116414917386,train
0.7190018588164033,0.32989133598431625,0.0334581113940569,train
0.7369912258863369,0.3051792920382444,2.1264479692376503,train
0.7340284683796109,0.3092074658614246,0.20820599699199535,train
0.6827451088988336,0.3816336824784669,2.3669999089523657,train
0.9247729583801503,0.07820702199742886,0.011792911794926747,train
0.8546800928371624,0.15702804048522517,0.020209058678020735,train
0.7846933072933238,0.24246232888556107,0.45913014034772986,train
0.753739406821885,0.2827085850071482,1.566434236887656,train
0.7299741325220039,0.31474618036889573,0.00044721928148346376,train
0.7504331534920835,0.28710470117321607,0.1899172884201805,train
0.7207696877691896,0.32743562716664015,1.4474460604370678,train
0.8765601109789196,0.13174999627767905,0.022639729363520787,train
0.8991085745060856,0.1063514792711347,0.006009182926964257,train
0.7097989390606947,0.3427735334726125,0.0014420019365463897,train
0.7179948962437914,0.331292818254732,0.0017588588613677955,train
0.7478694133019165,0.2905268973958927,0.026204997612027624,train
0.7906036635173249,0.23495849428596116,0.00205227046684807,train
0.7485118583909266,0.2896682323743016,0.30401617983115004,train
0.6999931003468057,0.3566848006347299,3.0236728609046755,train
0.6607742898508495,0.4143429651429894,0.2115320609313113,train
0.6621515912920741,0.4122607593921253,11.666652215635283,train
0.6940653904326008,0.36518910038863445,5.645608617061647,train
0.8333087160258914,0.18235109799922203,1.6448362264313867,train
0.8433449824657554,0.17037917282358173,0.0040514092699060625,train
0.6812732085618318,0.3837918659712731,4.085265690354738,train
0.835985298021888,0.17914425215029267,0.0030495979113101548,train
0.7724912351422193,0.2581346163688185,0.015735363195028086,train
0.8954616295133541,0.11041590651400145,0.017181267960634888,train
0.8979590996883207,0.10763075772128541,0.11549356928026515,train
0.6427941654203956,0.4419307219795205,4.56891982534079,train
0.8747243998447721,0.13384641384447193,0.12762117586952215,train
0.6838600504770186,0.38000198685971853,0.00041110561203434116,train
0.7002313976079966,0.35634443055287585,0.0053488003720057655,train
0.7839665603485024,0.24338891215808403,0.02850073589927561,train
0.84140633101952,0.17268058346667017,0.012129208128234183,train
0.6066443670390423,0.499812545882936,124.61523071107403,train
0.7712621458763295,0.25972695558660175,0.041467577991924,train
0.7196088660362274,0.3290474561975745,2.887553453430519,train
0.7443915692691245,0.2951880798166973,0.029519314224193134,train
0.8739704446545539,0.13470872008310264,0.0028928031451685835,train
0.738150677657046,0.3036073049545769,0.0004838602387660468,train
0.6939074161589283,0.36541673348577364,0.13510145099101867,train
0.7575591501323621,0.2776536586638483,0.08996324626214663,train
0.7146310097142361,0.3359889398279942,0.20108097789078105,train
0.6727512546406229,0.3963796244335343,2.059701236265291,train
0.6783352233583241,0.38811368349980546,0.005017054671635915,train
0.7495988438738154,0.28821709038326637,0.004725999824908501,train
0.915703857122895,0.08806226666492159,0.00017549158053195376,train
0.9169865069072357,0.0866625212208047,0.0011223486216892155,train
0.8203005307050829,0.19808450500901584,0.31221259204861546,train
0.6707479586430227,0.3993618330757082,17.39005637312561,train
0.726476659322129,0.31954892405551405,0.0007509797414092078,train
0.688833199242226,0.37275612836255906,0.005443348371843819,train
0.6837305422431913,0.38019138306484573,0.03532349556471957,train
0.6730388978441919,0.3959521533193817,2.922227368314224,train
0.7474027273781884,0.2911511127827577,0.035556690852109434,train
0.7826201969168018,0.24510776208061316,0.005979094036869937,train
0.7287891389294601,0.31637083582380643,0.0008393618278904829,train
0.7288873710804642,0.3162360567415091,0.0012743911635240877,train
0.7052682691027077,0.34917702500065334,0.0018520477235518203,train
0.7632713400864071,0.2701416882605877,0.004846241572562831,train
0.7339995619268144,0.3092468471977528,0.5998515219780272,train
0.7436396757139592,0.2961986682995563,0.008936166029384598,train
0.9017470919063811,0.10342118414809567,0.00786711246018361,train
0.7877455676317165,0.23858012497852413,0.0006770945095096355,train
0.7378110685383079,0.3040674918470988,3.5659748631436066,train
0.7342316181491275,0.3089307440834824,0.002186091884017692,train
0.8692347238315912,0.14014208221282237,0.057399736797094945,train
0.7009637808723294,0.3552990610821891,0.00219517286704793,train
0.8839423616523311,0.12336342022097681,0.04042556506447086,train
0.7243888231756207,0.3224269821702893,0.003000879862523873,train
0.7641387434935549,0.2690059048718058,0.00036767633481311044,train
0.93594866182558,0.06619465248572215,0.015440032712009444,train
0.7484500306550678,0.28975083666282275,0.0003740015076684171,train
0.7557814305458416,0.28000305763843564,0.010555824091607238,train
0.9178158237477894,0.08575853621580062,0.0016036078375101992,train
0.7594699749734952,0.2751344903498703,0.0008484389406035837,train
0.722414510393464,0.3251561907113998,1.4017877175696132,train
0.6954845232059883,0.3631465206254186,0.002113250453554814,train
0.6398056902078293,0.4465907577772448,10.167814860164476,train
0.7574650138139697,0.2777779290494352,0.019834013142350036,train
0.6823662549640208,0.3821887345490428,1.3424923306136385,train
0.7006559268250326,0.35573834436360513,0.10010154122147888,train
0.7803270431628564,0.2480421610681304,0.04032443574414948,train
0.708179932392513,0.34505707577963873,0.007850670092045663,train
0.6610591838626155,0.41391190628142627,1.437981074706141,train
0.8246118174523315,0.1928425276789547,0.0007481895940626676,train
0.7954880691722794,0.22879942921459104,0.0021537901472726893,train
0.8708911778811016,0.1382382492221068,0.008380066178783474,train
0.8336761625414851,0.18191024634391417,0.06953994764600598,train
0.686348788642701,0.3763693422125198,1.9567927968341348,train
0.6605067751505697,0.41474789746363067,0.05897043320247295,train
0.8115841645055076,0.20876718267288877,0.0005629551332098822,train
0.710454861965621,0.34184986341999707,0.0006231780608421861,train
0.8666587082628512,0.14311002645646856,0.015098212714774037,train
0.8863528440793118,0.12064016377326174,0.002556985265879197,train
0.6821658108623447,0.38248252625703966,1.863236064682804,train
0.6919657191630093,0.36821886337333193,0.029237003920616008,train
0.8428151430450961,0.17100762967068867,0.002376206567226197,train
0.7793781516777675,0.24925891870322345,0.02342133709363243,train
0.6584136666307243,0.4179218724976414,0.0013174389573105058,train
0.6172270904272557,0.4825182669948482,25.009249282045868,train
0.8939999848749454,0.11204952072702867,0.11517378137662422,train
0.6824541354868147,0.3820599549330139,6.536953266059317,train
0.7554180856970327,0.2804839271092169,0.015030057600704649,train
0.7731559268916155,0.2572745341887476,0.0037796619841216545,train
0.686353266762299,0.3763628176800032,10.958513612805968,train
0.8711456908922566,0.1379460475844399,0.002092130045972107,train
0.8521105930464439,0.1600389565315155,0.0005633159822238396,train
0.7162682645005155,0.3337005111030719,0.013156164449146596,train
0.9101336037241239,0.09416387296858632,1.5018274630618942,train
0.7138083276504991,0.33714080135011526,3.3575140703057826,train
0.8515068433934607,0.16074774204326822,0.0008369295007052922,train
0.7890964788543392,0.23686668569506267,0.017338177705310365,train
0.8638893114489384,0.14631063013400633,0.00031748343310156164,train
0.8704781124793199,0.1387126637093907,0.0222326054433198,train
0.8910847364887493,0.1153157533523254,0.03444192484566478,train
0.8649402748386703,0.14509482086335498,0.00029508565667537613,train
0.7007167421652379,0.35565155040566765,0.004934763065837067,train
0.8958641472367543,0.10996649889044209,0.0003136620096651322,train
0.8049026975837047,0.2170338814360776,0.037273170244130675,train
0.915537763467991,0.08824366670901389,0.006454426765695466,train
0.9229972184445984,0.08012905808664444,0.027593178740503637,train
0.6617964430657569,0.4127972581452777,11.661176651062192,train
0.804050563862685,0.21809312140421358,1.5273844418193236,train
0.7390969364340002,0.30232619419515067,1.7173433443957378,train
0.6621984985964462,0.4121899211677768,6.2739669734374175,train
0.7292366155356533,0.3157570241419862,0.017549689080289605,train
0.7247419238882757,0.32193965454942614,0.01996842660726426,train
0.7476054727647906,0.2908798829823783,0.013908603157025313,train
0.7649843590190787,0.2678998910913124,0.0006089014982994143,train
0.7194376362704987,0.3292854328943141,0.6772401693076929,train
0.8152392049189796,0.2042737058367713,0.1659296789164801,train
0.8594289353902594,0.15148713891520865,0.0012754632286916348,train
0.7300165905263584,0.3146880183495127,0.0014679097346176776,train
0.8758170226045554,0.1325980881691592,0.006566066146840114,train
0.7261500241307454,0.3199986406972492,0.000476623476065707,train
0.6039028410960985,0.5043419530989565,1139.4350302556034,train
0.7559367613862195,0.27979755526140065,0.003840629031111198,train
0.8901022453066231,0.1164189404874331,0.0039318171535689395,train
0.5997019631847456,0.5113224752016496,1573.3550513722187,train
0.7790894281084004,0.24962944110152688,0.0425122415920309,train
0.7564210443269503,0.279157120894012,0.0017519134464681087,train
0.8735968176998925,0.13513631674092833,0.0024850506472716997,train
0.7011650818700902,0.355011924850288,0.20880624015198768,train
0.8405936674882475,0.17364688976301831,0.016514229143384313,train
0.7300230751638467,0.3146791355257913,0.026558732250909566,train
0.889208638097309,0.11742338247986876,0.013024783664847028,train
0.7204760012945725,0.3278431725017771,0.0023611837688833942,train
0.8496262143547854,0.16295877403310133,0.039632494271904836,train
0.7062220206788762,0.3478256140441245,0.09841892146944667,train
0.6555414993245657,0.4222936683627118,24.121340328277668,train
0.8172238491409807,0.20184223249366134,0.005982089209136534,train
0.7226207057673667,0.3248708061436107,1.3022487496591486,train
0.776467403751988,0.2530006157008013,0.06172644813404491,train
0.8729329723759078,0.13589650458281416,0.14924369581943395,train
0.9062783862736444,0.09840875051908957,0.01428073453399927,train
0.7112049645822626,0.3407946142355709,0.6682053254577612,train
0.7836613994514974,0.24377824037713236,0.005353148111929132,train
0.7322995135579784,0.3115656771813743,0.023054956541466085,train
0.6966057827086575,0.36153561975156345,9.188017704999465,train
0.6456931569181179,0.43743087733352176,1.9731440734664274,train
0.6909595777331158,0.36967395514101653,0.0004543107346810595,train
0.7535323705398259,0.2829833015996974,1.2236093517053035,train
0.6703725087109172,0.3999217379478703,2.90452062437679,train
0.7464845841361184,0.29238031307195983,0.018780468739781817,train
0.8885910886933686,0.11811811700983062,0.059491573572292074,train
0.8737490568072868,0.13496206491133855,0.0003092152958535102,train
0.6898874326214234,0.3712268358281653,0.006019282945887947,train
0.9004962726597953,0.10480925356425938,0.00022044548555844815,train
0.7972230046475524,0.2266208342515777,0.007245088703755777,train
0.716193216397912,0.3338052931215386,6.8710821429982145,train
0.6969468069463369,0.36104618828407725,6.2336693866475725,train
0.749543795786803,0.2882905298086831,0.04127355948719328,train
0.8312782527872514,0.18479069927417244,0.05569194619920974,train
0.7032909718780935,0.35198457255122023,4.92195517062838,train
0.8980312124184386,0.10755045357969781,0.006018680700245308,train
0.8724405880901744,0.13646072110350452,0.01646537182831742,train
0.764743186608943,0.2682152052958884,0.07804988108608557,train
0.7483964534197469,0.28982242347671955,0.0006931841852457514,train
0.745418534221761,0.2938094274463164,0.14925912338068106,train
0.772931907256497,0.2575643232055659,0.0008619531712698567,train
0.6799526792438033,0.38573207258078374,3.929820800551701,train
0.7370004916689464,0.3051667196709789,0.008742584997297817,train
0.7156912797459402,0.33450637854272014,0.18779990440089117,train
0.8793739327302675,0.1285450647827146,0.0034874701427587453,train
0.7856417878465071,0.24125433108756406,0.0006531188521987177,train
0.7538722343353391,0.2825323758161714,0.01913712143077424,train
0.7890651709028622,0.2369063621774889,0.03878408910704992,train
0.8486748665773272,0.16407912646960363,1.3042344716021361,train
0.6929429645057628,0.3668075854797406,0.039612806554093015,train
0.8593011430946185,0.15163584440128375,0.0027976924213643363,train
0.814309698314558,0.20541452057806162,1.0851874660361163,train
0.636257246422644,0.45215232191288024,30.017545280371344,train
0.9109374635660233,0.09328102999935817,0.027513136375143948,train
0.8246118174523315,0.1928425276789547,0.0011332928508763131,train
0.8658166285539842,0.14408213815963197,0.00031306853523667844,train
0.7079975437851497,0.3453146545244497,0.056131359795215205,train
0.7433957040091881,0.2965267999772378,0.0036038274529466927,train
0.7046720724962203,0.3500227297789781,7.220305590683162,train
0.7525772617412609,0.2842516142193466,0.1427813376076373,train
0.6939980037785747,0.36528619487921776,3.441088611872699,train
0.8106970415562033,0.20986085624121376,0.0005879194840561174,train
0.8120537290367649,0.20818877224502647,2.8435954147763325,train
0.9197488866617908,0.08365459547714796,0.0025744096798822674,train
0.746583654006609,0.2922476066515766,0.140908837807872,train
0.8685373023606715,0.14094474389439124,0.0032115990995090177,train
0.697529320231597,0.3602107299957791,0.007501930141114658,train
0.7703390927617718,0.26092448086322,0.0007918333698534752,train
0.7410120207376635,0.29973843149959617,0.0377519043304592,train
0.67618785530536,0.3912843490805816,0.0031489997685129594,train
0.8828221969685569,0.12463146109082979,0.0029935594667297965,train
0.8087604707545591,0.2122524864136689,0.06463993375308945,train
0.8765296796263495,0.13178471366949343,0.00035384578334867893,train
0.6850529280051162,0.3782591765441115,11.870407054897226,train
0.7496050866237023,0.2882087622969267,0.18428442707088033,train
0.8988012655090571,0.10669333067344829,0.0197765679401724,train
0.7259200799315483,0.32031535295580454,0.12861810408515578,train
0.6921748115037392,0.3679167374869963,0.001047901195454157,train
0.8457324626469793,0.16755220739563098,0.06488265102419968,train
0.9052521802777748,0.0995417218579008,0.0023970533221552223,train
0.734269068237403,0.30887973956080045,0.0008684807867029718,train
0.7426063038154275,0.2975892484313583,0.0007838929818939866,train
0.8563172260176788,0.15511438035018352,0.0021363507486332873,train
0.7975572313051577,0.22620168350595923,0.0010584164623369272,train
0.648654405951536,0.43285520649371756,8.601404240082344,train
0.7240566165552929,0.3228856899918482,0.0067212800602039465,train
0.6746820657706533,0.393513712744498,0.0034849521569017172,train
0.6547823309654942,0.42345241771377595,3.4556118547949475,train
0.7132488361855766,0.33792492059602575,0.0007483732900468764,train
0.7189795677689627,0.3299223392323839,0.0026442211365826787,train
0.880563528179699,0.1271932035296623,0.0004582700639236649,train
0.8782707157772996,0.1298004005512748,0.03701531460483572,train
0.7527816424828715,0.2839800766580476,0.007536802159251228,train
0.7503513201107384,0.2872137553150541,0.07786625576569287,train
0.7636840724527522,0.269601093069651,0.0010707787639465582,train
0.9249980891133565,0.07796360729524411,0.0209468025266637,train
0.7625293799252215,0.2711142401934014,0.0020513529322538984,train
0.7722520553345165,0.25844428569845873,0.036970750360469574,train
0.745607384412816,0.29355611167265383,0.0017392096933001443,train
0.8122645067757964,0.207929244603746,0.03256286685406587,train
0.6797979674812336,0.38595963160215285,0.06578798209158977,train
0.8566449334965047,0.1547317595421245,0.020702567986804518,train
0.7826615867315215,0.24505487727078312,0.0019401876405683357,train
0.915905598716364,0.08784197778877313,0.008201634428127767,train
0.7047293398469764,0.3499414649948136,1.1561571593158917,train
0.712531552433051,0.33893108370328123,0.007106055924462242,train
0.8991251399701791,0.10633305512085821,0.0005094484805975478,train
0.7107919162805902,0.34137555547228937,1.8319458237649178,train
0.7046213612567048,0.3500946966785929,2.896717816371547,train
0.8560196936501717,0.15546189650437478,0.05595784069738152,train
0.6417538929714596,0.4435503930685938,0.009869775226853249,train
0.7579158934738351,0.2771828579739028,0.0006577782917238773,train
0.7662374053367873,0.26626322862140145,0.11420163643146161,train
0.7819000461862905,0.24602836478236426,0.0087967194939272,train
0.7406755745249718,0.3001925707115999,0.0005512268194541974,train
0.7514362683770576,0.2857688792708159,0.0003991799252027459,train
0.7787672045364917,0.25004311662179174,0.10015349915955751,train
0.7155350670533358,0.3347246706298859,0.012799280226431039,train
0.7294448994686623,0.31547144578607783,3.8771222466707806,train
0.7269521959361428,0.3188945588566096,0.0004124371579801553,train
0.6907061765899526,0.37004076041966144,0.028273843359744647,train
0.7462654659497603,0.29267388959928176,0.00041584319121885704,train
0.8551732520204711,0.15645119663078963,0.0014653679944304403,train
0.6507622266699261,0.42961094670167416,19.683141876600335,train
0.9136581684678814,0.09029877259332811,0.0002930881690865384,train
0.7346164025633067,0.3084068172815869,0.6209197446027099,train
0.8453880514765986,0.16795952452325869,1.177384799331285,train
0.7529352195133089,0.28377608474582805,0.014892949125657662,train
0.7170367828691956,0.33262813862557455,0.010030687119629157,train
0.6977996756666905,0.3598232150236519,0.000411023176448582,train
0.9182333401742598,0.08530373746436057,0.006640831496160496,train
0.9167767547251384,0.08689128813679729,0.0006409790298439285,train
0.7077899897935135,0.3456078538756241,1.1006058187452714,train
0.7877453284465401,0.23858042861109607,0.032034669388011035,train
0.7143070555856369,0.3364423592476545,0.0005272510750013817,train
0.8690717800921302,0.14032955633153554,0.0029501096358968662,train
0.6384980470603312,0.4486366621511334,9.219574455247102,train
0.7830760222699481,0.24452549668271706,0.008184506601995952,train
0.7846933072933238,0.24246232888556107,0.06827582125532311,train
0.9118728186144935,0.09225475190589913,0.00030009261107897444,train
0.7867410136802274,0.23985616518073383,0.002442313818474609,train
0.7225716600195833,0.32493868049579155,0.004372162428337219,train
0.7557491944807645,0.28004571117723687,0.0034461082364588905,train
0.883695195808722,0.12364307692342315,0.0008107993942926402,train
0.7454699965656911,0.2937403916426491,0.0017563369515080872,train
0.8640626248567399,0.1461100303317304,0.0013659065931687546,train
0.9050516485477115,0.09976326669218813,0.06263033026078879,train
0.6258171323220417,0.4686970714489644,6.43810771969744,train
0.7437703966837933,0.2960228983856684,0.027693046329170665,train
0.8174050462343884,0.2016205343520679,0.0030448104311139863,train
0.669668056340779,0.4009731276645751,1.949821181522011,train
0.7542096829731555,0.2820848555063323,0.018479000321143628,train
0.7587861586230162,0.27603528222758594,0.359263189539737,train
0.8706178146749665,0.13855218754748883,0.003007139916079829,train
0.6936465323104285,0.3657927676599571,0.08432015994101368,train
0.8405487606793458,0.1737003139204959,0.00046069680141063113,train
0.658066932079315,0.4184486323447164,2.677895435108399,train
0.7959613740250359,0.2282046194093105,0.07430945754787235,train
0.8537071774533727,0.15816702753563064,0.003107971573250302,train
0.7978285429440097,0.22586156308386857,0.022029594855381834,train
0.9199073533881159,0.08348231684892679,0.009332617811712629,train
0.6605067751505697,0.41474789746363067,5.3234539338878015,train
0.7489058598063006,0.2891419912063515,0.20965545641395755,train
0.7617993402358014,0.27207209099760227,0.0017486193759666435,train
0.7663337766545167,0.26613746439069047,0.09526620815691192,train
0.6706381666052481,0.39952553245495964,0.0131572755510695,train
0.7965470002173115,0.2274691429394269,0.0006694369844295913,train
0.9076151759064847,0.09693480529680237,0.00031079803179074055,train
0.8739973858508917,0.13467789434836103,0.009922908533224428,train
0.7949023370439173,0.2295360183596913,0.0006589179680582539,train
0.7536438934075543,0.2828353124485946,0.008682362212488174,train
0.727203061278943,0.31854952644821405,0.022536526249183324,train
0.7471533497840447,0.29148482738907944,0.06458733694305385,train
0.801480605547278,0.2212945049205223,0.19024004642488007,train
0.7981520568709314,0.22545615222688165,0.020297412843589942,train
0.7030240854188644,0.35236412684959495,1.1009842835640433,train
0.8282712610175751,0.18841456832468342,0.018329867485380142,train
0.7473177137026769,0.29126486472361124,0.000513084343697071,train
0.7051774815179915,0.34930576101875477,7.405416077979933,train
0.6810680210122331,0.3840930938086108,0.0011116810694557658,train
0.660735944224047,0.4144009981809855,0.0017076116221914513,train
0.7823913247566602,0.24540024831295548,0.017317988132485078,train
0.9106829885792145,0.09356042408297695,0.014784930988754387,train
0.9007420820400183,0.10453631980054331,0.006391087740534628,train
0.7325480208853901,0.31122638271699843,0.0005985601632924111,train
0.8154995837190199,0.20395436738224118,0.08276627906465837,train
0.650812143472713,0.4295342445109174,41.06722018931407,train
0.6267350339684372,0.4672314210187259,26.366997384845238,train
0.6904938449725778,0.37034822004279006,0.010279116492159405,train
0.8206444980713716,0.19766527418129826,0.0013402930968779648,train
0.9000975936191576,0.1052520841821116,0.12876512180898406,train
0.676769600640086,0.39042438801082097,5.084949866067372,train
0.7170816354582932,0.3325655878786641,0.0006583588508826357,train
0.6605176680304589,0.4147314058991548,19.89737057880978,train
0.7512244148756048,0.2860508504506272,0.0359931516336985,train
0.7035698028034056,0.3515881851702072,0.015336879861352218,train
0.7599091088502828,0.2745564464716962,0.005030283397790945,train
0.8979590996883207,0.10763075772128541,0.00021057815439185773,train
0.7417671409698662,0.2987199112546634,0.05219567796179589,train
0.6461031649590279,0.43679608987092544,39.34880081585488,train
0.6506459761153554,0.42978960018584783,8.047826046846794,train
0.7705337177696207,0.2606718642844165,0.12972168840525528,train
0.7719166078167822,0.2588787557547627,1.2190042998528934,train
0.9207860762292408,0.08252754307319743,0.09614739217587623,train
0.7282221748228496,0.3171490921487585,0.0023586804806918146,train
0.8612348353715211,0.14938806450563308,0.00042709463033582226,train
0.9080547831654392,0.096450568318217,0.02694647101001693,train
0.6629323589049292,0.4110823167687804,0.0014322640481391677,train
0.6867444356015301,0.3757930565491824,0.011213178764468873,train
0.6917573741579433,0.3685200002231051,0.0009374655163960511,train
0.7360954075828479,0.30639553878648634,0.5964224743617474,train
0.7210788896027684,0.32700673075800024,0.025259073505236245,train
0.8982280145359723,0.10733132917341164,0.014457620116695083,train
0.7255863376801562,0.320775209354955,0.0011168053094568792,train
0.7825766919318593,0.2451633525117771,0.09030038207736477,train
0.8384581300047222,0.17619063336668397,0.0010390833238550683,train
0.7937499366752079,0.23098680855450449,0.00297029776792605,train
0.851988072425364,0.16018275175156166,0.0002813623265722015,train
0.7433500845350519,0.2965881682010484,0.0013176889260055355,train
0.727125297783895,0.31865646721525265,0.19462551108429732,train
0.6797543722520999,0.3860237633429833,5.0420254778715785,train
0.7554631906970202,0.2804242202338912,1.3008169313678104,train
0.6830144406029305,0.38123927673158925,0.4687579154839414,train
0.8575656811113628,0.15365750682713314,0.0008389550220920415,train
0.7069331000184856,0.3468192427134631,0.0008447661092016145,train
0.764836297016388,0.26809345888315633,1.428226258808707,train
0.8514989599512522,0.16075700031143514,0.09788472135892323,train
0.7070590914387905,0.34664103604245106,0.0018183746672776973,train
0.772279205667091,0.2584091289706375,0.035354740277063645,train
0.7281688743651485,0.31722228740459946,0.010368260139300943,train
0.715017758037238,0.33544790018083054,0.041641554019861644,train
0.657430426311728,0.41941633602454276,0.008390480321462097,train
0.7041300641683943,0.350792189649122,0.0004669384434174145,train
0.7058659177814959,0.3483299776821531,0.0017311828542646433,train
0.9241852984393146,0.07884268800931007,0.013094746967796113,train
0.7422092643283368,0.2981240481803267,0.014114376851480478,train
0.7338442194581493,0.30945850796331253,0.003737854175688911,train
0.6799933808276928,0.38567221493628345,1.5767668295844415,train
0.8820176000264546,0.12554326849591782,0.0006628480374309703,train
0.7301122759554323,0.3145569539874452,0.030987197878281313,train
0.6905369494984182,0.3702857963430046,0.36007820247481415,train
0.7211478149886471,0.32691114885577677,0.029177572309364023,train
0.8304008992611778,0.18584668364578885,1.4684364197004922,train
0.6468348947833527,0.4356642028529301,2.74959036455451,train
0.895856028464571,0.10997556143524514,0.027312908315876513,train
0.7109335740603936,0.34117627961877955,2.910941174442446,train
0.6794066399391571,0.386535450063557,7.379932250751145,train
0.7912488983667022,0.234142697794291,0.07365039816889048,train
0.8521138378838884,0.16003514853840656,0.0009440188515939101,train
0.826139692765902,0.1909914001889516,0.0005914493721550603,train
0.7639250280051756,0.26928562551404467,1.254161786163341,train
0.643875941836375,0.4402492083346931,2.037824763197511,train
0.6213020873003976,0.4759378623488459,72.3760086387591,train
0.7885882070149168,0.23751101198099187,0.0008115341178542407,train
0.8953616679091841,0.11052754411042712,0.0028524435206347424,train
0.7657365735141884,0.2669170671948436,0.00045670961486068355,train
0.6868893633479307,0.375582042890303,0.003642395776740921,train
0.8391991985471285,0.1753071769206099,0.03343858328245965,train
0.7404390226307995,0.30051199487585817,0.00413401110905273,train
0.6904532977100322,0.3704069438871779,0.025665394492786493,train
0.7729016941734655,0.25760341290190486,0.0005202675406627788,train
0.7732445420647226,0.2571599258774038,0.08104842104553736,train
0.7551417389136008,0.28084981369247236,0.007699529255648666,train
0.7520970875084815,0.284889857636361,0.5700903885946139,train
0.9268798562007563,0.07593132677715864,0.02164609168697446,train
0.6473335180900164,0.43489363338704556,3.880108762193317,train
0.8796131767857436,0.12827303998428718,0.0009143795468596638,train
0.8614334280378937,0.14915750047717724,0.008091272925521207,train
0.8457042160589379,0.16758560691735083,0.0005976075549574355,train
0.6694008673006443,0.40137219456690293,8.566752880113908,train
0.8435531377421218,0.17013238224988989,0.006303799170414571,train
0.7192224832618065,0.3295845348258616,0.009950226682720383,train
0.9048235149095347,0.100015365449043,0.0013177991792832852,train
0.7881811156146892,0.23802737338329763,0.0007411169087784932,train
0.8096551444433177,0.2111468695727368,0.0043645162153811805,train
0.7603123067251453,0.2740260002088221,0.007460332584187047,train
0.8234479440710402,0.19425494439095767,0.03029368041372071,train
0.7524701884571822,0.28439389981206364,2.1416616954055407,train
0.7501013551664325,0.2875469413604881,0.09278705136924127,train
0.7976453320304426,0.22609122640489945,0.020928808897176382,train
0.8543127553774393,0.15745792814188078,0.003926355574381075,train
0.7478227906716166,0.2905892399422951,0.05435404429157542,train
0.685737411687983,0.37726050633184743,2.7080273592676956,train
0.6970333633910165,0.36092200223518983,4.218826932776237,train
0.85718000528624,0.15410734126577394,0.0004310253853803715,train
0.6483549559390798,0.43331696109098644,3.7447249707043047,train
0.7549183172941513,0.2811457246003351,0.011527535770695194,train
0.6875993194349902,0.37454899524270785,0.00046826397264637524,train
0.9073345348532691,0.09724406020760076,0.0008542295127338468,train
0.8519522306079372,0.16022482108623062,0.10023128087748367,train
0.8489180664690176,0.16379260325356063,0.0803793893397643,train
0.7643491903033138,0.26873053886277753,0.0008698688538909499,val
0.7724623635689597,0.2581719916961901,0.15045570564255142,val
0.7953058237355857,0.22902855435557073,0.004759414710470731,val
0.861470932796396,0.14911396380809594,0.06842601573412747,val
0.6952998111333673,0.36341214351050066,0.0005786937821323776,val
0.8180119272910532,0.20087836144528495,0.0316350593122125,val
0.6785435624262401,0.3878065977501629,0.00801482183624939,val
0.7059753262782683,0.34817499071396285,1.0990048375866877,val
0.7784171754348378,0.2504926833038769,0.003426988573449179,val
0.8778462765236033,0.13028378436205929,0.0002364541336303639,val
0.6585929276593777,0.41764964754366235,0.7714603961485715,val
0.8133501471575674,0.20659357684196322,0.0033244836190399374,val
0.7709031040085444,0.26019258905136683,1.4793794785420549,val
0.7453761603016482,0.2938662748717598,0.0027423671054084653,val
0.8533912953205108,0.15853710827965925,1.260762790012855,val
0.7212544309650727,0.3267633177262582,0.5081759712519613,val
0.8799224128011551,0.12792154266826192,1.5432578314711947,val
0.6716541746492686,0.3980116919794874,0.010190823794034472,val
0.686859839715108,0.3756250254562057,0.08319489916533518,val
0.7941958487110201,0.23042518730567257,0.000398334140709951,val
0.7364733027189394,0.3058822925905793,7.124992252871378,val
0.6915651614285633,0.3687979003160657,1.3578314268722056,val
0.7155364743870948,0.33472270380472274,0.015147854534727041,val
0.6905310521185508,0.3702943366608752,0.0036381848764167972,val
0.6725128682925113,0.396734032681763,12.806031718746684,val
0.7486950605498286,0.2894235071362617,0.10342144389430774,val
0.7101962049252517,0.34221400215786957,0.03805780829006861,val
0.7874012562568745,0.23901730502435103,0.010769797279809312,val
0.8543124734726402,0.1574582581203857,0.007278515547698803,val
0.8151496604795108,0.20438355010945897,0.0003882116546334709,val
0.706339870297237,0.3476587546386894,0.000879650809010271,val
0.9416142991628339,0.060159537124577674,0.004247728847679454,val
0.7009637808723294,0.3552990610821891,0.2122864033283184,val
0.7281025994781676,0.3173133073664912,0.0035897664951125108,val
0.8713427766231695,0.13771983577824715,0.025087424737457155,val
0.7811110458688207,0.24703795503862994,0.11282447936493466,val
0.7767790983557729,0.25259926973601615,0.0466946606381204,val
0.7135986528601419,0.3374345855262164,0.21891780046072262,val
0.8979586409224593,0.10763126861980944,1.1826877032434682,val
0.8378294362800437,0.17694073587510992,0.0002974394066360031,val
0.6823533359609529,0.382207667380599,0.000929096546764064,val
0.7509392957908013,0.2864304616557214,5.832637518066741,val
0.8848001089310387,0.12239352510033259,0.04670922979421495,val
0.693004913864319,0.3667181891040698,0.0010354578120551768,val
0.8523522473879437,0.15975540169255248,0.09652964802184799,val
0.7774876720356229,0.25168749095718984,0.00150231191862467,val
0.6771504209693209,0.3898618432028566,1.3611251518536298,val
0.8882347568248478,0.11851920513469837,0.08746929797094959,val
0.8539551595238122,0.15787659298447498,0.0046764723162952505,val
0.7730082642346828,0.2574655393332582,0.003174037185655458,val
0.7565223065294687,0.2790232596987303,0.22458335426346498,val
0.7587764054655347,0.27604813594144595,5.5749315936517,val
0.7127030072767243,0.33869048492838855,1.257323619896194,val
0.7626410057753941,0.27096786199012857,0.0031267120370471572,val
0.7343408652921363,0.3087819640342277,0.010813986587098716,val
0.7616209397457826,0.2723063014688407,5.333162983114368,val
0.700658639602532,0.3557344726026681,0.002617723577820707,val
0.7349258269763048,0.3079857005401269,0.0004018716290548572,val
0.6944103953871105,0.36469214543251144,0.10188311490597851,val
0.7595189689057078,0.2750699817404733,0.002987639481483218,val
0.7535296916252826,0.28298685674796975,0.38469896589037034,val
0.8435531377421218,0.17013238224988989,0.001807383607965005,val
0.6961600346872495,0.3621757101832206,0.2726324709966509,val
0.7593776083128674,0.27525611764382407,0.004581999927671646,val
0.8106819113481102,0.20987951962409088,0.0010410352445798091,val
0.7452764626061874,0.294000038693159,0.2232144830824424,val
0.8252835935331891,0.19202820197866188,0.03283175484044303,val
0.7466405985804683,0.2921713360260651,0.0022490939873289627,val
0.8200520466259905,0.19838746924295803,0.0004234121107876312,val
0.7500823831874929,0.28757223423422834,0.004194179353050797,val
0.7060380874748138,0.3480860946794415,0.14246295438984358,val
0.6985745772156268,0.35871333831705693,0.0005812270135676126,val
0.7913788441473816,0.23397848257490533,0.0867655171740238,val
0.8290321984199716,0.18749628452875608,0.041589798436014,val
0.7148106201877501,0.3357376382418335,0.0029352094051935916,val
0.6730522764839635,0.3959322755577158,15.158455425545958,val
0.795137517045233,0.22924020187128577,0.006048096141249213,val
0.7747404525494584,0.25522720565648,0.0006050841576194406,val
0.6869593397160593,0.37548017378632814,6.046987662146548,val
0.9106185057822823,0.09363123366300391,0.006416964380385967,val
0.7275624309297161,0.3180554679074971,0.027115135084740317,val
0.724717083741861,0.32197392960830873,1.6195983492799222,val
0.9106185057822823,0.09363123366300391,1.6288663443025475,val
0.6579986352562672,0.41855242173759205,4.384757910186705,val
0.7201925156919659,0.32823671980696617,0.1542915345729968,val
0.8886641889226274,0.11803585507456354,0.009576248689983604,val
0.6963475660408089,0.361906366799249,0.018325762926474042,val
0.7088208156188226,0.3441525127144343,6.2296406641237745,val
0.6510971003014289,0.42909649228720603,4.4988559482039046,val
0.8645654259947494,0.1455282959881954,2.1648977245274224,val
0.7884595326909669,0.2376741957844948,0.0004099674989036246,val
0.874364145572264,0.13425834756680546,0.14337560332862048,val
0.6577953826253206,0.41886136467212604,0.33681789211821683,val
0.8224880102222434,0.19542137368625306,0.0420541277833169,val
0.8042849862007894,0.21780161216069138,3.418080790133823,val
0.8735075142762694,0.13523854695359094,0.006984072635298271,val
0.8804389505255635,0.1273346884575369,0.051421873207474156,val
0.7856531305059691,0.24123989374759722,0.40208445180331026,val
0.7578509044951393,0.27726860860364705,2.210669266748493,val
0.7072168940059795,0.3464178793609152,0.002366019903650345,val
0.8663302085602266,0.1434891399099594,0.0011494040201835533,val
0.7086328048087632,0.344417792379959,0.0011475972690155492,val
0.7057738141007228,0.34846046944832204,0.0018155199749914155,val
0.6767825478995125,0.3904052572230771,4.769611559189432,val
0.9359948552438956,0.0661452990539506,0.07233030757068264,val
0.8017781676763168,0.22092330828349133,0.01623648840234835,val
0.6059966511190163,0.5008808191343358,0.002307585061640355,val
0.6937331739012643,0.3656678680516372,0.08976006946932186,val
0.8220289308408192,0.19597968887521391,0.034575510925742604,test
0.8749531653858067,0.133584919330415,0.0017020022320345099,test
0.7250096668079002,0.32157029068821463,1.2442747674576868,test
0.668129633661587,0.4032730619055116,1.3520117900231443,test
0.8470257107881852,0.16602422966896574,0.004025765670307804,test
0.6655710310877402,0.4071099134274898,0.03803165970735721,test
0.8743982680013896,0.13421932290700606,0.004592288223059239,test
0.7111058894374788,0.3409339299760985,1.159106356031895,test
0.7632730201798402,0.27013948708848035,0.009288487064269478,test
0.6924675809527263,0.3674938565251752,1.2709685671543574,test
0.8743255878916016,0.13430244650549178,0.009380446226617685,test
0.7135354742065472,0.3375231247215699,0.1726379760506163,test
0.7480427256242482,0.29029518282042077,0.021483082553281727,test
0.6416601970345686,0.4436964035227209,0.028541838434391457,test
0.6791378129818556,0.3869312073907938,0.27174066452189866,test
0.6524371285230435,0.4270404991816625,0.22024932594493307,test
0.7072912478582017,0.3463127490331495,0.0034575665892683837,test
0.6935471455003605,0.36593605956191416,0.03425369375236931,test
0.7807843714010018,0.247456260219592,0.06415784066613384,test
0.7077258819865258,0.3456984325943932,0.24574668070964936,test
0.7461030212523333,0.29289159011957766,0.0016065830629206585,test
0.8551277720328696,0.15650438023645033,0.011688563789991923,test
0.7454705846671673,0.29373960274269756,1.1693415344864109,test
0.8713436853658268,0.13771879285666927,0.04596047646194963,test
0.7860129177373415,0.24078205190764732,0.0008043157789489163,test
0.6565668301618448,0.42073079276327896,1.2877369923164312,test
0.7189037267892974,0.330027828989477,0.008412022855637533,test
0.6813324048778787,0.38370497903128065,1.3124031966345586,test
0.8155046775542758,0.20394812112602126,0.07749752151434909,test
0.6678154474961283,0.4037434198201931,1.3818377384118337,test
0.8734531842551414,0.13530074643087878,0.000802126074909853,test
0.7722902748002142,0.2583947960017897,0.08033940994345345,test
0.917622776301368,0.08596889187371043,0.0015810975456004644,test
0.7485527646259694,0.2896135837847563,0.0016733721725509024,test
0.7150968428104083,0.3353373009698246,0.1395135380307943,test
0.7928610587802024,0.23210728230710995,0.0045859572833609995,test
0.7107884732501283,0.3413803994198948,1.131019621869578,test
0.6861385602612264,0.37667568876396385,0.001419589174285218,test
0.6813324048778787,0.38370497903128065,0.15989276996603127,test
0.9109432662939451,0.0932746599578657,0.011798925517676606,test
0.8359253021431121,0.17921602139297318,0.174509446336285,test
0.685552068765579,0.37753082551123957,0.054474418369028,test
0.7390505910844568,0.3023889015348388,0.0009260270177075856,test
0.8120799088246582,0.20815653377980994,0.13199264769536204,test
0.6726638011004605,0.39650962675499246,0.2658610843324569,test
0.6904500237378555,0.3704116856705103,1.3636792150899275,test
0.7147132216273265,0.3358739053787994,0.127730093668125,test
0.8876653494675099,0.11916046572681478,0.0006745272025883202,test
0.7369937907499187,0.30517581186232295,0.0014049118281917515,test
0.8786046043763527,0.12942030687104303,0.011519222646228034,test
0.8281037719019531,0.18861680406582187,0.0041513110983630854,test
0.705974757148266,0.34817579687560984,1.1085986756271258,test
0.7787951971498162,0.2500071724910177,0.02215359441993353,test
0.7950505474828901,0.22934958460955387,1.0983298154480772,test
0.7453449368236391,0.2939081653072999,0.017061500816187587,test
0.7001547843696633,0.35645384785418277,0.23867717477374234,test
0.8629074816395256,0.14744779916182407,0.015532921339491133,test
0.7648191650736422,0.26811585862371373,1.2677353538619216,test
0.7423127802218137,0.29798458794930527,0.01626754347478742,test
0.8754261078365518,0.13304453077635767,0.04212381936990102,test
0.8120719405688598,0.20816634598524061,0.06652370469810154,test
0.7093929958374684,0.3433456100526934,1.1783100401904731,test
0.7618251244411179,0.2720382451177063,0.06723004826468137,test
0.9111500266258279,0.0930477118278509,0.028642613325362706,test
0.8336850552685207,0.18189957951666566,0.08699223256556463,test
0.7693562558301112,0.26220114519301874,0.0008656445031112898,test
0.7378891671136636,0.30396164572260587,0.0017917487847629882,test
0.9167482455300736,0.08692238582574417,0.00040685316603162534,test
0.8947078476931241,0.11125804115474414,0.016145399849238642,test
0.9004509099074938,0.10485963011361092,0.025424163306059712,test
0.7643666250548274,0.2687077291929368,0.001528662828636668,test
0.6676474201272516,0.4039950589691907,1.2912598342491153,test
0.7366548353155888,0.30563583392499366,1.305487672493147,test
0.7452117562357093,0.29408686443213605,0.020438737553110074,test
0.7048337614158046,0.3497933033851267,0.20996496659857083,test
0.9269422034458745,0.07586406331482431,0.006269554175977793,test
0.6386056952202306,0.4484680804508526,0.004236227982967661,test
0.8070792602022172,0.21433339967108853,0.0015145717454174497,test
0.8044794290983134,0.2175598826736122,0.026679301243149184,test
0.8494864528533954,0.16312328519754907,0.0040261588729090594,test
0.8405105714452183,0.1737457486453795,0.09043007022893707,test
0.748454429622323,0.28974495924396,0.0012401161894462463,test
0.7165779366727208,0.3332682634874194,0.0010431330856802289,test
0.7574736861676409,0.2777664799344691,0.27630405722443707,test
0.78875043425056,0.23730531457148063,0.030058690330908355,test
0.8638830736865725,0.1463178507174809,0.017784925638425226,test
0.7445763406159395,0.2949398926710419,0.04106780346143283,test
0.7282838786123194,0.3170643636447318,0.0010206004076473707,test
0.8621406522319093,0.14833685198657603,0.0011566936930974992,test
0.7115728301609128,0.3402775052559303,0.1767188996505296,test
0.6860991267085129,0.3767331621202181,1.0905939968776235,test
0.8591083057477664,0.15186028142098404,0.000505952418860147,test
0.6731360439773141,0.39580782418314137,0.3326338557474937,test
0.754641103645239,0.28151300216249425,0.06995970735230707,test
0.7515386328180357,0.2856326635016039,0.02028520223474484,test
0.6994854855725079,0.35741023480952366,1.2897116005347222,test
0.7672392832378732,0.26495655333758256,1.1431035762329393,test
0.9175143790944253,0.086087027138696,0.0018932243154571892,test
0.757945420052949,0.2771439011394562,1.272531054634803,test
0.7006677904347476,0.35572141235914523,0.017726990896189142,test
0.819653664150139,0.19887338873579397,0.03555875216039531,test
0.7026749408624257,0.3528608826374141,0.24228520800507092,test
0.9085887328985389,0.09586272624160254,0.03519784877106352,test
0.760510116662335,0.27376586472520054,0.0007666622725000081,test
0.7595291152408983,0.2750566229333407,1.2729610649049652,test
0.9200045984081867,0.08337661068177414,0.031996007105341034,test
0.6682474330780416,0.40309676523043153,0.0020923525797554425,test
0.7359240992685103,0.30662829156498356,0.0069007654891629815,test
