p_pred,theta_pred,m_pred,set
0.7028540677693802,0.2971459322306198,1.0,train
0.7500194939310177,0.24998050606898226,0.0031448985124915884,train
0.7556737530361897,0.24432624696381033,0.001533431560413718,train
0.5700399604051262,0.42996003959487383,0.01641016575606952,train
0.2759509694954351,0.7240490305045649,1.0,train
0.35168494331397326,0.6483150566860267,1.0,train
0.7004755392934472,0.2995244607065528,0.09516310496073604,train
0.32556938890934073,0.6744306110906593,1.0,train
0.2827962601017371,0.7172037398982629,1.0,train
0.5949356300483146,0.4050643699516854,0.0037145393845556163,train
0.4826007062219685,0.5173992937780315,0.026898286344461463,train
0.9281740416445428,0.07182595835545724,0.005629924507798147,train
0.8446553666332312,0.15534463336676885,0.0005315159340060034,train
0.2948632152369259,0.7051367847630741,1.0,train
0.39154993312369496,0.6084500668763051,0.04798403331825723,train
0.38683338385741595,0.613166616142584,0.07841723352045168,train
0.7669701487246953,0.23302985127530473,0.009286865752618513,train
0.674419866056354,0.32558013394364604,0.17315243363915056,train
0.5648820559102202,0.4351179440897798,0.39876953402957965,train
0.664291871419518,0.33570812858048205,0.043664091310928466,train
0.2912184417279578,0.7087815582720423,1.0,train
0.22195056205622654,0.7780494379437735,1.0,train
0.9616181629005112,0.038381837099488836,0.0032738479844734996,train
0.6295589922258737,0.37044100777412625,1.0,train
0.3085834450086869,0.6914165549913132,0.020814621559084506,train
0.5411380806715582,0.4588619193284418,0.27284606592605115,train
0.867815915364247,0.13218408463575304,0.0014287833485104018,train
0.6685837735588457,0.3314162264411544,0.28990819913335986,train
0.9025580111700923,0.09744198882990773,0.004551184989431321,train
0.7098287727884186,0.2901712272115814,0.1951245688876161,train
0.929767737283642,0.07023226271635796,0.0021091140231902002,train
0.24780804092588823,0.7521919590741117,0.007518974446821567,train
0.6451909476477625,0.3548090523522375,0.12267490635200994,train
0.6704766831850799,0.3295233168149201,0.2580235645120287,train
0.42144586202102235,0.5785541379789776,0.054133986484982036,train
0.6225325306256696,0.3774674693743304,0.12226549730568288,train
0.9556701487693138,0.044329851230686224,0.0013046839689691894,train
0.8124956801276141,0.18750431987238592,0.0007346904349268652,train
0.3937842337953776,0.6062157662046224,1.0,train
0.18850181816541353,0.8114981818345866,1.0,train
0.6969094912190582,0.3030905087809418,0.16679311933893196,train
0.3635348539531726,0.6364651460468275,1.0,train
0.8961039877199425,0.10389601228005751,0.0023728649682939816,train
0.4093477241710256,0.5906522758289743,0.012725078633540129,train
0.3085834450086869,0.6914165549913132,1.0,train
0.6484357537336176,0.3515642462663824,0.3402278871973748,train
0.9596629420960804,0.040337057903919615,0.0029384054082873135,train
0.368475043233523,0.631524956766477,1.0,train
0.2997748831801744,0.7002251168198256,1.0,train
0.28494985107125254,0.7150501489287475,1.0,train
0.6228887132044009,0.37711128679559913,0.006417173343573766,train
0.8275622553485915,0.1724377446514085,0.004892624305666372,train
0.6745530731955033,0.3254469268044967,0.021981967855905643,train
0.34799023875433277,0.6520097612456672,1.0,train
0.29396359496265545,0.7060364050373445,1.0,train
0.7249377068765076,0.2750622931234924,1.0,train
0.7279516055035358,0.27204839449646423,0.040022814375722617,train
0.385320765865599,0.614679234134401,1.0,train
0.11767202821439808,0.882327971785602,1.0,train
0.566353785159023,0.4336462148409771,0.40116651586401675,train
0.8660896307289492,0.13391036927105082,0.004339984855281685,train
0.48210047622667634,0.5178995237733237,1.0,train
0.6038018495105565,0.3961981504894435,0.014835681070813123,train
0.38031725567627617,0.6196827443237238,1.0,train
0.5781749528229367,0.42182504717706326,0.003764446099189904,train
0.19289052402378418,0.8071094759762159,1.0,train
0.41388532296094216,0.5861146770390578,1.0,train
0.32031700873699415,0.6796829912630058,1.0,train
0.7413572347440864,0.25864276525591356,0.012216781909533788,train
0.5847428952997429,0.4152571047002571,1.0,train
0.16369011504066244,0.8363098849593376,1.0,train
0.6841522638305925,0.31584773616940753,0.005178640729151038,train
0.18763567824981717,0.8123643217501828,1.0,train
0.5466558543180907,0.4533441456819093,0.010215931168403683,train
0.6449621479192685,0.35503785208073146,0.010679355534285243,train
0.33265659481587484,0.6673434051841252,1.0,train
0.40416432862070295,0.595835671379297,1.0,train
0.7853627616602454,0.21463723833975457,0.0020015091898830705,train
0.526764913557421,0.47323508644257894,0.2794482596356053,train
0.8738606201263266,0.1261393798736734,0.11693888932776399,train
0.22664248243587556,0.7733575175641244,1.0,train
0.6524916505662126,0.3475083494337874,1.0,train
0.6413943580179937,0.3586056419820063,0.1945428992059128,train
0.8647545075432643,0.13524549245673567,0.003760156516510075,train
0.28203587981472183,0.7179641201852782,1.0,train
0.1515662634699378,0.8484337365300623,1.0,train
0.47238814089462383,0.5276118591053762,1.0,train
0.9210485629652826,0.07895143703471741,0.07780268862540293,train
0.48636012399615086,0.5136398760038492,1.0,train
0.5664774783112766,0.4335225216887234,0.06623025994027927,train
0.28854107313506094,0.7114589268649391,0.6810621025612731,train
0.6190420738422335,0.38095792615776647,1.0,train
0.04235199693735395,0.9576480030626461,1.0,train
0.44215557545765627,0.5578444245423437,1.0,train
0.6540604727508105,0.3459395272491895,0.003422498298612497,train
0.21025590646389972,0.7897440935361002,1.0,train
0.22934949119250356,0.7706505088074964,1.0,train
0.26549335340074476,0.7345066465992552,1.0,train
0.9268549359098475,0.07314506409015253,0.0032304675396567736,train
0.46412521757459274,0.5358747824254072,0.043905187874310914,train
0.1995900823745029,0.8004099176254971,1.0,train
0.5961549006498451,0.403845099350155,0.00589046390333609,train
0.14704692141220058,0.8529530785877995,1.0,train
0.41402314707676524,0.5859768529232348,0.19422226584799254,train
0.9250975041409992,0.07490249585900077,0.00021575743001571348,train
0.40613660199559015,0.5938633980044099,1.0,train
0.29444401200685166,0.7055559879931483,1.0,train
0.28000401845014716,0.7199959815498528,0.7040846824996223,train
0.6495209821503004,0.3504790178496996,0.002205967118477449,train
0.39707826869020013,0.6029217313097999,1.0,train
0.4422410566772737,0.5577589433227264,1.0,train
0.642272347945279,0.3577276520547211,0.006710472465955011,train
0.4262113166922786,0.5737886833077215,0.12247636256032017,train
0.5949459720559448,0.4050540279440552,1.0,train
0.6950967951926879,0.30490320480731214,0.0010018366828508716,train
0.7252943019597974,0.2747056980402026,1.0,train
0.174351890355713,0.825648109644287,1.0,train
0.28368054733455494,0.7163194526654451,1.0,train
0.6309870230865253,0.3690129769134747,0.24700937211029117,train
0.7955444992812465,0.2044555007187535,0.1063297128525925,train
0.5002905986875916,0.4997094013124084,0.14168306331186814,train
0.5424041546986127,0.4575958453013873,0.11470329449703835,train
0.46247540302939183,0.5375245969706082,0.03741612790390196,train
0.6154762626544147,0.3845237373455853,0.025048183806874517,train
0.355734019859542,0.644265980140458,1.0,train
0.4507537218667443,0.5492462781332558,1.0,train
0.3145212265472163,0.6854787734527836,1.0,train
0.239594812053065,0.760405187946935,1.0,train
0.914884451388171,0.08511554861182902,0.0005561158632478865,train
0.5155536178919236,0.48444638210807645,0.0035603670185047234,train
0.6260294733069023,0.3739705266930977,0.0030870166413123944,train
0.1443320941451932,0.8556679058548068,1.0,train
0.8898872174019218,0.11011278259807811,0.10957620109735708,train
0.6774077222647807,0.32259227773521926,1.0,train
0.7986076049253386,0.20139239507466145,0.005654198081846227,train
0.9173430526346125,0.08265694736538753,0.014968558146775253,train
0.7575621058600098,0.24243789413999017,0.008000351861876143,train
0.33493297849308806,0.6650670215069119,0.0217004101808026,train
0.5020640691838114,0.4979359308161886,0.06570565191851613,train
0.6597979458692602,0.3402020541307399,1.0,train
0.5329025982934784,0.4670974017065216,1.0,train
0.3121689975649746,0.6878310024350254,1.0,train
0.7625703481341423,0.23742965186585774,0.05556164125790471,train
0.5991812014848092,0.40081879851519076,0.1473861832723805,train
0.4375733349091572,0.5624266650908428,1.0,train
0.32581670201830115,0.6741832979816988,0.03435446632235231,train
0.6932533641426111,0.3067466358573889,0.06059050080861174,train
0.5257045205408722,0.47429547945912776,0.09200751049593818,train
0.39888696822270947,0.6011130317772906,1.0,train
0.21676894453384155,0.7832310554661585,1.0,train
0.8896918983919311,0.11030810160806892,0.0009435255665971308,train
0.4043908292491835,0.5956091707508164,0.010423846690462337,train
0.32938466299955316,0.6706153370004468,1.0,train
0.8841337379896033,0.11586626201039674,0.00041791915702454565,train
0.37060498105233497,0.6293950189476651,1.0,train
0.5297776551522533,0.4702223448477467,0.002896789985221668,train
0.4806259596264294,0.5193740403735706,0.23549390083154476,train
0.22580929298243807,0.774190707017562,1.0,train
0.24608698022612918,0.7539130197738708,0.21517021664488245,train
0.5368661430222519,0.463133856977748,1.0,train
0.4941876299186544,0.5058123700813455,1.0,train
0.5430724887248036,0.4569275112751964,1.0,train
0.47769693841317,0.52230306158683,1.0,train
0.20729470809550307,0.7927052919044969,0.07378040533200667,train
0.6123245481946251,0.3876754518053749,0.007812503288128022,train
0.702191908364776,0.29780809163522404,0.205953319339365,train
0.3162500986584143,0.6837499013415856,1.0,train
0.4345745494674048,0.5654254505325953,1.0,train
0.3871842584716227,0.6128157415283773,1.0,train
0.7669701487246953,0.23302985127530473,0.02057792797927924,train
0.6893691325175795,0.3106308674824205,0.0015641217342050211,train
0.2754117767533681,0.7245882232466319,1.0,train
0.6276460198261532,0.3723539801738468,0.0015098647295907236,train
0.8562603956372296,0.14373960436277045,0.07348311105074617,train
0.2821376242843688,0.7178623757156313,1.0,train
0.7299621250958481,0.2700378749041519,0.0023961208090733585,train
0.1555401150041418,0.8444598849958582,1.0,train
0.524768090867543,0.47523190913245705,0.0024939718600564004,train
0.8480452751035331,0.1519547248964669,0.0006633603117686567,train
0.32823373541714623,0.6717662645828537,0.6528257211292704,train
0.5536613713249582,0.4463386286750418,0.009574711995203038,train
0.4425621793232839,0.5574378206767161,0.036821172044620216,train
0.33804343220853117,0.6619565677914688,1.0,train
0.6828104588428988,0.3171895411571012,0.08801506736855054,train
0.16740660644957936,0.8325933935504206,1.0,train
0.6456819753484757,0.3543180246515244,0.006282594544162944,train
0.3997221867989408,0.6002778132010592,1.0,train
0.295198207658814,0.704801792341186,1.0,train
0.6015277921076542,0.39847220789234583,0.3072087970481461,train
0.8485127742991113,0.15148722570088868,0.00042256115137013817,train
0.9017422122206992,0.09825778777930083,0.006892165000722148,train
0.6163872322532442,0.3836127677467558,0.06649548777879885,train
0.5586133582178048,0.4413866417821952,0.002824287379024732,train
0.832635227418279,0.167364772581721,0.002999711045702149,train
0.4745630211282803,0.5254369788717197,0.3645329264918677,train
0.3080975537489273,0.6919024462510728,0.21198156085431186,train
0.27244227128853077,0.7275577287114692,1.0,train
0.6940979163320702,0.3059020836679298,0.0018065955838414292,train
0.6293449243391892,0.3706550756608108,0.3351543488909288,train
0.4886990495832988,0.5113009504167012,1.0,train
0.7396839754876083,0.26031602451239166,0.017232334959448908,train
0.7180871397850587,0.28191286021494133,0.007490860609228146,train
0.7348775200220384,0.2651224799779617,0.0900442175622276,train
0.3622399607201855,0.6377600392798145,0.33066247701999885,train
0.7545076727224298,0.2454923272775702,0.01706933844943693,train
0.16038677879167956,0.8396132212083204,1.0,train
0.6940324322569601,0.3059675677430399,0.09152052258070038,train
0.6370415443240309,0.36295845567596907,0.006892397734758655,train
0.3413638924052746,0.6586361075947254,1.0,train
0.4146539055857704,0.5853460944142296,1.0,train
0.6764224010124891,0.32357759898751093,0.004738811121879367,train
0.511107526213487,0.488892473786513,1.0,train
0.4213663811347854,0.5786336188652146,0.5549795793435998,train
0.6919818030550544,0.3080181969449456,0.18686717103479628,train
0.8266613573742849,0.17333864262571508,0.00695981127665869,train
0.5289632155084263,0.4710367844915737,0.35355481771373237,train
0.4685857339700732,0.5314142660299268,1.0,train
0.5572001898687289,0.4427998101312711,0.004823737596965498,train
0.35765121197847544,0.6423487880215246,1.0,train
0.45450634319089506,0.5454936568091049,0.047772014823192537,train
0.20660592795253785,0.7933940720474622,0.7665152222147924,train
0.33209736860419337,0.6679026313958065,1.0,train
0.35959667465528883,0.6404033253447112,0.34316198631768113,train
0.5545350522362767,0.44546494776372325,1.0,train
0.6314795172453506,0.36852048275464944,0.004673896083721005,train
0.7063849824116745,0.29361501758832553,0.01955806096966465,train
0.9531734345427668,0.04682656545723318,0.026915267047986573,train
0.9346973707611939,0.06530262923880614,0.06116469867854269,train
0.5073964955345556,0.49260350446544443,0.43479696682007024,train
0.7569331452080842,0.2430668547919158,1.0,train
0.35989484747919165,0.6401051525208084,0.498382740202553,train
0.3388924326079435,0.6611075673920566,1.0,train
0.6952639851090439,0.30473601489095614,1.0,train
0.0585098212976099,0.94149017870239,1.0,train
0.48328463992712845,0.5167153600728716,0.40083212663167106,train
0.33036891630957677,0.6696310836904233,0.6606670725912422,train
0.22195056205622654,0.7780494379437735,1.0,train
0.34055339769350046,0.6594466023064995,1.0,train
0.5874469021399265,0.41255309786007355,0.013673735573140331,train
0.8803613526511884,0.11963864734881158,1.0,train
0.3666314519858542,0.6333685480141458,1.0,train
0.6194347908011407,0.38056520919885917,1.0,train
0.974430948946327,0.02556905105367302,0.010992711570675703,train
0.3510824626406273,0.6489175373593727,1.0,train
0.9643108412124468,0.03568915878755319,0.0005826678640467595,train
0.9675356793943215,0.0324643206056785,0.00015834163868171035,train
0.7101401016001695,0.2898598983998305,0.0388599945417437,train
0.4562692655445648,0.5437307344554352,1.0,train
0.30061544701277226,0.6993845529872278,1.0,train
0.7414190836386174,0.2585809163613826,0.13561534744966572,train
0.44167706977168364,0.5583229302283164,0.00753043074070242,train
0.6736063635727493,0.3263936364272507,0.18215541748278835,train
0.3409955092634719,0.6590044907365281,1.0,train
0.3621516721650813,0.6378483278349187,0.33666651369794914,train
0.6478734583182313,0.3521265416817687,0.002410012156991089,train
0.4356713058145365,0.5643286941854635,0.06703751061546398,train
0.6745530731955033,0.3254469268044967,1.0,train
0.6133855810650254,0.3866144189349746,0.001912685371370104,train
0.4816355240840289,0.5183644759159711,1.0,train
0.4089038208301994,0.5910961791698006,0.550175267573866,train
0.4266955718309618,0.5733044281690383,0.029563034315920778,train
0.2680603185083978,0.7319396814916022,0.476526742918979,train
0.6935698213634487,0.3064301786365513,0.0028782118316371965,train
0.15831412000470074,0.8416858799952993,0.04633582151722961,train
0.28596911538150904,0.714030884618491,1.0,train
0.24775495992092395,0.7522450400790761,1.0,train
0.9396418889630026,0.0603581110369974,0.008224927153882351,train
0.4025699016947617,0.5974300983052383,1.0,train
0.8939603719450264,0.10603962805497358,0.02996021651286803,train
0.46521995932755805,0.5347800406724419,0.5303666279426744,train
0.5189355588299001,0.48106444117009994,0.003903109638484326,train
0.7252771767576229,0.27472282324237707,0.10324086211172784,train
0.8647673336895162,0.1352326663104838,0.07920722994799864,train
0.801074829537975,0.19892517046202496,0.0005815208404262257,train
0.29412028420414016,0.7058797157958598,1.0,train
0.9069565004743206,0.09304349952567936,1.0,train
0.42702153717067914,0.5729784628293209,0.21883410183325847,train
0.3458605277755959,0.6541394722244042,1.0,train
0.21774781608423904,0.782252183915761,1.0,train
0.4424586950873452,0.5575413049126547,1.0,train
0.15327559632404059,0.8467244036759594,0.8379469704650577,train
0.34911163988215277,0.6508883601178472,1.0,train
0.34161697875042235,0.6583830212495776,1.0,train
0.49081893467182963,0.5091810653281703,0.05499962104389028,train
0.9405667412088206,0.059433258791179444,0.009770933192449894,train
0.17446651836355795,0.825533481636442,1.0,train
0.4923841175612828,0.5076158824387171,0.007815367391486139,train
0.7204882330022095,0.27951176699779046,1.0,train
0.957308282210207,0.04269171778979297,0.014757453286089333,train
0.8768136438989058,0.12318635610109419,0.0076263647661897575,train
0.13866734770936112,0.8613326522906388,1.0,train
0.7424178647548013,0.2575821352451988,0.023894190568570468,train
0.8098235199567432,0.19017648004325682,1.0,train
0.36039724517923477,0.6396027548207652,0.05407017122257199,train
0.7823060695285908,0.21769393047140917,0.0010481264785410533,train
0.19203414349851206,0.8079658565014879,1.0,train
0.566353785159023,0.4336462148409771,0.002075373138546467,train
0.3232158483802629,0.676784151619737,1.0,train
0.9421141013678971,0.05788589863210292,0.010283420912609125,train
0.49090749807957007,0.50909250192043,1.0,train
0.1346177728296945,0.8653822271703056,1.0,train
0.41856942583916723,0.5814305741608328,0.16476779293207428,train
0.7394808965976791,0.2605191034023209,0.010974232988645128,train
0.9455076685394416,0.05449233146055843,0.006932848930325611,train
0.5679817316280296,0.43201826837197044,0.006878899560113205,train
0.9698691400556099,0.03013085994439013,0.01776575156251766,train
0.4832973847975122,0.5167026152024878,1.0,train
0.35471368187408586,0.6452863181259141,1.0,train
0.45527861785152574,0.5447213821484742,0.24663525163134553,train
0.4085553870702151,0.591444612929785,0.010976129850048467,train
0.7139567470094665,0.28604325299053346,0.010606177624331527,train
0.8044321730106835,0.1955678269893164,0.01580563212174351,train
0.6649795329836773,0.3350204670163227,0.0075225630253029085,train
0.970829419707968,0.02917058029203201,0.0002725639718331595,train
0.8533084390175653,0.14669156098243474,0.00158652267216327,train
0.4415126450352521,0.5584873549647479,0.06426780856533258,train
0.7157951947603676,0.28420480523963243,1.0,train
0.6343038730775351,0.3656961269224649,1.0,train
0.44102193116840094,0.5589780688315991,1.0,train
0.42049196900692865,0.5795080309930714,0.0048713873210957295,train
0.5316981860827132,0.46830181391728676,0.0063211605939576376,train
0.5151729177320844,0.4848270822679156,0.33199292814136744,train
0.803465998079799,0.19653400192020098,0.005027932380819894,train
0.8117863128733083,0.18821368712669173,0.0027094651021219627,train
0.6802811450149941,0.31971885498500585,0.035508030254554374,train
0.7900344900111452,0.20996550998885477,0.0009884128027353514,train
0.1447213332012633,0.8552786667987368,1.0,train
0.518451414227764,0.481548585772236,1.0,train
0.26649723408292747,0.7335027659170725,0.03683983448591377,train
0.8012467487114849,0.19875325128851506,0.0017897302935005097,train
0.7093012345079573,0.29069876549204265,0.04508907350832666,train
0.8466915243981453,0.15330847560185468,0.005007171087958836,train
0.5596512313501611,0.44034876864983885,1.0,train
0.8524749835025385,0.14752501649746153,0.0021739190475795296,train
0.8453881449655741,0.15461185503442587,0.002214403144147558,train
0.1416082676779778,0.8583917323220223,1.0,train
0.7140966141420011,0.2859033858579989,0.03865842381754501,train
0.541455297067381,0.45854470293261895,0.0024036221095417153,train
0.9291301255606609,0.07086987443933912,0.02245390453058884,train
0.8371236917806518,0.16287630821934818,0.0023057563063589373,train
0.543152419608785,0.456847580391215,0.0027137896386332625,train
0.3747573030948139,0.6252426969051861,0.23587747189994537,train
0.9763627416867082,0.023637258313291776,6.890574143854694e-05,train
0.3326563169438546,0.6673436830561454,0.6629931350651701,train
0.4941505143118599,0.50584948568814,0.028026173683997214,train
0.6679439055347172,0.33205609446528284,0.002212494834017816,train
0.5798907583304205,0.4201092416695795,1.0,train
0.9643108412124468,0.03568915878755319,0.0002288036487729433,train
0.586063881133616,0.41393611886638404,0.0082716526851381,train
0.9337252705929061,0.06627472940709389,0.004076839803087586,train
0.8081056671447399,0.19189433285526014,0.053351205066749646,train
0.7589627598574924,0.2410372401425076,0.002652947228698071,train
0.25496062051751744,0.7450393794824826,1.0,train
0.7485154039224462,0.2514845960775538,1.0,train
0.7061104393382003,0.2938895606617997,0.020126889911124057,train
0.261423812013449,0.738576187986551,1.0,train
0.36789665651049047,0.6321033434895096,0.5169926916441143,train
0.48864924380611685,0.5113507561938831,1.0,train
0.8655161563629834,0.1344838436370166,0.02295696345622696,train
0.8236639554530868,0.1763360445469132,0.025012825369248513,train
0.6080927762687652,0.39190722373123477,0.023671005971501936,train
0.6693977542862952,0.3306022457137048,0.0022173352399565034,train
0.7592758048732876,0.2407241951267124,0.13686359547545487,train
0.30994137253653326,0.6900586274634668,1.0,train
0.4566878103322782,0.5433121896677218,1.0,train
0.6660566992661241,0.3339433007338759,0.0023787627611080004,train
0.8126980016923088,0.18730199830769134,0.016531720160197473,train
0.7071606739133646,0.29283932608663543,0.0024778074009195045,train
0.6643793824335207,0.33562061756647943,0.3055818472481411,train
0.7104777898662229,0.2895222101337771,0.14019713187330687,train
0.25627797384348544,0.7437220261565146,1.0,train
0.7143407842422949,0.28565921575770514,0.17001991187811363,train
0.4197502951806836,0.5802497048193165,1.0,train
0.93298546413936,0.06701453586063999,0.012648621471972335,train
0.5025378135959948,0.4974621864040052,0.04373220182162993,train
0.4461392547570024,0.5538607452429976,1.0,train
0.26507061989780983,0.7349293801021901,1.0,train
0.5897326317429555,0.41026736825704446,1.0,train
0.21087197855487136,0.7891280214451286,1.0,train
0.29171724791024045,0.7082827520897597,1.0,train
0.15802114007898432,0.8419788599210156,1.0,train
0.5401185362612683,0.45988146373873173,0.005230810431402173,train
0.7059482052819106,0.2940517947180894,0.006164914549643826,train
0.43239604571874907,0.567603954281251,1.0,train
0.42087551109162974,0.5791244889083703,0.48016987929510746,train
0.9034222987961451,0.0965777012038549,0.01459581779670064,train
0.737884555863713,0.26211544413628685,0.24548947988017117,train
0.706385180208685,0.293614819791315,0.03306560814901247,train
0.8776998220344636,0.12230017796553638,0.01984023300820985,train
0.28096000443422203,0.719039995565778,1.0,train
0.8313789313807392,0.16862106861926085,0.02073126185671037,train
0.7260049343791691,0.27399506562083087,0.036366282561576986,train
0.9407458670072054,0.059254132992794584,0.0018866409702408301,train
0.7160998468612039,0.28390015313879613,0.053339615337854675,train
0.5664727283543007,0.43352727164569926,0.2416145483189302,train
0.9393083909457578,0.06069160905424209,0.00027731678193988746,train
0.37463331922558873,0.6253666807744114,1.0,train
0.7339579675662208,0.2660420324337792,0.056872855723130146,train
0.48411655083326866,0.5158834491667313,1.0,train
0.15226350932839058,0.8477364906716094,1.0,train
0.8776402685419323,0.12235973145806767,0.029242476136728944,train
0.22729365040257726,0.7727063495974228,1.0,train
0.5626042458383697,0.43739575416163035,0.4357117591688475,train
0.5511098617300614,0.4488901382699386,1.0,train
0.5630268898340711,0.4369731101659289,0.04571911066231699,train
0.5066398734741886,0.4933601265258114,0.2506621176070183,train
0.7847555143931882,0.21524448560681175,0.016634277799251865,train
0.6639644557652248,0.3360355442347752,0.16446445963342315,train
0.39393523905024874,0.6060647609497513,0.5586219797533046,train
0.9539245029595905,0.046075497040409474,0.005611529391893943,train
0.6139944818759524,0.3860055181240476,0.13963338651438864,train
0.22169885528904315,0.7783011447109569,0.6123821073628724,train
0.3939903627251321,0.6060096372748679,1.0,train
0.5034534288885768,0.4965465711114232,0.06873886482947945,train
0.9195433146489349,0.0804566853510651,0.005607722540455678,train
0.3187646366615798,0.6812353633384203,1.0,train
0.7687969736916496,0.23120302630835043,0.10573296662701288,train
0.6123245481946251,0.3876754518053749,1.0,train
0.946585496525929,0.05341450347407095,0.005588189567658112,train
0.11743007682254794,0.8825699231774521,1.0,train
0.6516867411890981,0.3483132588109019,0.0024646840615226624,train
0.8972665630919044,0.10273343690809555,0.05106647126399947,train
0.9628739897986306,0.03712601020136941,0.0077520452716804905,train
0.5581066577674494,0.4418933422325506,0.053435389539019,train
0.6329933910156378,0.3670066089843622,0.02182606411987012,train
0.6792746955922979,0.3207253044077022,1.0,train
0.48322711152757114,0.5167728884724289,0.47470119451382864,train
0.16395402109683727,0.8360459789031627,0.6491005860688736,train
0.957831272826577,0.042168727173423015,0.010026895238497875,train
0.9185301783586473,0.08146982164135275,0.011089724557174397,train
0.21522958522764019,0.7847704147723598,1.0,train
0.9184685327267874,0.08153146727321259,0.0011274685563905415,train
0.40243521403591165,0.5975647859640885,1.0,train
0.8255513543325415,0.17444864566745855,0.0075823912648405965,train
0.21402185205595353,0.7859781479440464,1.0,train
0.7325396594786189,0.2674603405213811,1.0,train
0.1589153282929441,0.8410846717070559,1.0,train
0.5918828875026456,0.4081171124973544,1.0,train
0.5591354926093546,0.4408645073906454,0.19786484569270615,train
0.43374401147530284,0.5662559885246972,0.12797979565949394,train
0.8999566507230801,0.10004334927691994,0.06500723120854095,train
0.5559809879920455,0.44401901200795446,0.008006245516212238,train
0.37276117464337427,0.6272388253566257,0.10585416629244673,train
0.2312625946131169,0.7687374053868831,0.6591599350307517,train
0.7476809769124818,0.2523190230875182,0.020441592283692845,train
0.7707049492504701,0.22929505074952994,0.05874697146896241,train
0.5153451226544895,0.4846548773455105,0.0024572993037764185,train
0.26712435676386775,0.7328756432361323,0.02347151777470634,train
0.4800568806524813,0.5199431193475187,0.0023658388333675693,train
0.4822621159148052,0.5177378840851947,0.06624291325763433,train
0.5740932339145891,0.4259067660854109,1.0,train
0.24870998048649282,0.7512900195135072,0.7366937177650411,train
0.30440326623878255,0.6955967337612174,1.0,train
0.4112170869212503,0.5887829130787496,1.0,train
0.40440009628032375,0.5955999037196762,1.0,train
0.18578677583246725,0.8142132241675328,0.679878258210547,train
0.7715466904810341,0.22845330951896592,0.008292298703801155,train
0.7037743779190421,0.29622562208095793,0.20921592072849132,train
0.5143234495450301,0.48567655045496994,1.0,train
0.9413514386505997,0.05864856134940033,0.001956871371713442,train
0.4894257980956472,0.5105742019043529,0.1649406373279903,train
0.9504290199737714,0.04957098002622862,0.011049527560072735,train
0.4885869575803059,0.5114130424196941,0.07749093362477785,train
0.36158230261119406,0.638417697388806,1.0,train
0.8419618880704267,0.1580381119295733,1.0,train
0.5272007289119791,0.4727992710880209,1.0,train
0.8137572666443571,0.1862427333556429,0.04104013934100115,train
0.6853012278858768,0.31469877211412334,0.23007027734314142,train
0.5411831250171933,0.45881687498280654,0.04953203987370394,train
0.09499868206950277,0.9050013179304972,1.0,train
0.530015225047409,0.46998477495259094,1.0,train
0.6392048584330532,0.3607951415669468,0.19910972347268582,train
0.31827733597907054,0.6817226640209295,1.0,train
0.6459660605278282,0.35403393947217177,0.0028241663162054185,train
0.5944060427593933,0.40559395724060665,1.0,train
0.19108212043977732,0.8089178795602227,1.0,train
0.6505189213158729,0.34948107868412714,1.0,train
0.44113033772110694,0.5588696622788931,0.009007299813884808,train
0.7604126590785263,0.2395873409214737,0.0008320204967477547,train
0.6227170311211004,0.37728296887889956,1.0,train
0.7583649571712344,0.24163504282876558,0.03687574190633732,train
0.6961177595849091,0.30388224041509104,0.11538679155606885,train
0.8534740830440207,0.14652591695597927,0.047656774735727936,train
0.5337792481513108,0.46622075184868916,1.0,train
0.44927649272989023,0.5507235072701098,1.0,train
0.8284085279114255,0.1715914720885745,0.1602927047474428,train
0.7219226788002888,0.2780773211997112,0.001022038991611587,train
0.5890903667873978,0.4109096332126022,0.007889044034398286,train
0.7165834808882113,0.28341651911178856,1.0,train
0.1381930575910027,0.8618069424089974,1.0,train
0.417233820167744,0.582766179832256,1.0,train
0.5424202172241184,0.4575797827758816,1.0,train
0.5273004019911501,0.47269959800884986,1.0,train
0.3086250318998288,0.6913749681001713,1.0,train
0.7132579303138225,0.28674206968617766,0.22490467413984266,train
0.7494288401508896,0.2505711598491104,0.09110588227349872,train
0.354178498252586,0.645821501747414,0.3789580836891229,train
0.1326112497778841,0.8673887502221159,0.6773378558487726,train
0.5364343229526555,0.4635656770473445,1.0,train
0.872122728585919,0.127877271414081,0.0026311264578416033,train
0.5525092325376402,0.44749076746235983,0.008525785041465284,val
0.3840626060374561,0.6159373939625439,1.0,val
0.5508343971871789,0.44916560281282114,1.0,val
0.3082318737552811,0.6917681262447188,1.0,val
0.21712293757537116,0.7828770624246288,0.08968548367970774,val
0.8613489827041084,0.13865101729589158,0.009742911493872292,val
0.7264702161720019,0.2735297838279981,0.2594521245214667,val
0.4203996040681968,0.5796003959318031,0.10065947452229532,val
0.5913820387437367,0.40861796125626326,0.006249426477316863,val
0.8863523157206025,0.11364768427939753,0.051050297460752486,val
0.6793553302123699,0.32064466978763007,0.059556235326202044,val
0.39159771758729656,0.6084022824127034,1.0,val
0.6762796224859581,0.3237203775140419,0.019646397903709326,val
0.39799581922409116,0.6020041807759089,0.3786445353320414,val
0.4253561671820184,0.5746438328179816,0.005297815059333011,val
0.3392552908753237,0.6607447091246763,1.0,val
0.44603002898030164,0.5539699710196984,1.0,val
0.5573298978233311,0.442670102176669,1.0,val
0.6072706910796354,0.3927293089203646,1.0,val
0.3110388401988553,0.6889611598011447,1.0,val
0.798419683848516,0.20158031615148397,0.049815428948801935,val
0.23445365017392478,0.7655463498260753,1.0,val
0.048176080871911886,0.9518239191280881,0.6849240870924993,val
0.3778187402044009,0.622181259795599,0.1905370236316226,val
0.14073601700980914,0.8592639829901909,1.0,val
0.1439574462637355,0.8560425537362646,1.0,val
0.419411150790641,0.5805888492093589,1.0,val
0.3445663432863252,0.6554336567136748,1.0,val
0.24716301005240876,0.7528369899475913,0.0251339110178273,val
0.5052504732880673,0.49474952671193273,0.4641380285859982,val
0.3101379699001815,0.6898620300998185,0.22221180783763478,val
0.33622051479529164,0.6637794852047083,1.0,val
0.45830396321977535,0.5416960367802246,1.0,val
0.7310677193396738,0.26893228066032615,0.003766266078515509,val
0.7156831901735036,0.28431680982649643,1.0,val
0.7657718984430595,0.23422810155694052,0.0008663794699410295,val
0.39667335590060226,0.6033266440993978,0.004183801038874053,val
0.49756183172655016,0.5024381682734498,0.0026892447030707365,val
0.7619935614195467,0.23800643858045323,1.0,val
0.3796774580504887,0.6203225419495113,1.0,val
0.3663460151148086,0.6336539848851914,0.005087450710614933,val
0.5768415928372236,0.4231584071627764,1.0,val
0.4691107606665599,0.5308892393334401,0.5256655860083514,val
0.06908043253126567,0.9309195674687343,1.0,val
0.31972658153872024,0.6802734184612798,1.0,val
0.43387553745499174,0.5661244625450081,0.15272911224987448,val
0.6172579859993563,0.38274201400064367,0.012777705334056016,val
0.742885469094433,0.257114530905567,0.10319137197633767,val
0.5105879383458313,0.48941206165416873,0.047033736520922645,val
0.4884159436273425,0.5115840563726576,1.0,val
0.26549335340074476,0.7345066465992552,1.0,val
0.8780393484030621,0.12196065159693792,0.04310406401714344,val
0.2928192687965938,0.7071807312034062,1.0,val
0.5873185707846763,0.4126814292153237,0.0530179670047026,val
0.45083581421819957,0.5491641857818005,1.0,val
0.29049095985633894,0.709509040143661,1.0,val
0.2514297118936322,0.7485702881063678,1.0,val
0.5156388179848155,0.4843611820151845,1.0,val
0.46102086703516143,0.5389791329648386,0.43011360540104177,val
0.5842841761099827,0.41571582389001727,0.0017280219679529935,val
0.687114349535378,0.312885650464622,0.0015675175093440123,val
0.6717290304983858,0.3282709695016143,0.004799261889278008,val
0.8224584376492684,0.1775415623507316,1.0,val
0.46604634780627235,0.5339536521937276,0.504302844774192,val
0.8177481901226227,0.18225180987737732,0.023191213874281632,val
0.5437609703695807,0.4562390296304193,0.0018710764647711865,val
0.9239475421418297,0.07605245785817027,1.0,val
0.6079405833120005,0.3920594166879995,0.32551479072553624,val
0.7987133032537069,0.20128669674629307,0.1271940697197343,val
0.71562703234615,0.28437296765385,0.017308475466192127,val
0.9443771912184686,0.05562280878153136,0.0271926667246661,val
0.31154474460593484,0.6884552553940652,0.6748122533794814,val
0.8948402680174511,0.10515973198254891,1.0,val
0.19625418101518832,0.8037458189848117,1.0,val
0.6284370261277638,0.37156297387223625,1.0,val
0.5513715868560688,0.4486284131439312,0.24423160256770357,val
0.7726440144849627,0.22735598551503733,1.0,val
0.5607564333044756,0.43924356669552433,0.13463991436062409,val
0.3738756553355707,0.6261243446644293,1.0,val
0.8809129794016268,0.11908702059837317,0.004096155564465887,val
0.742907532379528,0.2570924676204721,0.00429914757988832,val
0.8581234891370837,0.1418765108629163,0.007169653014075587,val
0.7986539608792244,0.20134603912077564,1.0,val
0.20244940916202692,0.7975505908379731,0.6335027139848447,val
0.760117580217575,0.23988241978242497,0.13537776885769937,val
0.7357817591152808,0.26421824088471924,0.16416089159061023,val
0.12350970106390423,0.8764902989360958,1.0,val
0.5392676858887371,0.4607323141112628,0.4528071859468339,val
0.5176374196768018,0.48236258032319823,1.0,val
0.688580847074881,0.311419152925119,1.0,val
0.2116879178113626,0.7883120821886374,1.0,val
0.6555257115856453,0.3444742884143547,0.0012325659643145838,val
0.5689219105488444,0.43107808945115555,0.06926252290321613,val
0.6230286432862521,0.37697135671374793,1.0,val
0.8186840135169536,0.18131598648304637,1.0,val
0.38352662330844267,0.6164733766915573,1.0,val
0.6682912754078674,0.33170872459213274,1.0,val
0.6942354908774967,0.3057645091225033,1.0,val
0.26873603717655037,0.7312639628234496,0.6903213597403212,val
0.14273023660267037,0.8572697633973296,0.8519145681849656,val
0.602145596838134,0.39785440316186604,1.0,val
0.5143734092151921,0.48562659078480785,1.0,val
0.6744841372128187,0.32551586278718125,1.0,val
0.1589930362343576,0.8410069637656424,0.7558033193568843,val
0.32947803050523955,0.6705219694947604,0.6273041064679067,val
0.5300741375044001,0.46992586249559987,0.032830475140122314,val
0.45130559082201566,0.5486944091779844,0.5117272434746293,val
0.0928701961733677,0.9071298038266323,1.0,val
0.36794838721916934,0.6320516127808307,1.9174480161193843,test
0.15537817227619427,0.8446218277238058,1.0587827451534058,test
0.8276218895710578,0.17237811042894235,1.1697320919429395,test
0.543033271234216,0.45696672876578404,0.02350046394780316,test
0.0908219749997572,0.9091780250002428,3.373411634436909,test
0.4275867219860707,0.5724132780139293,1.245973826820702,test
0.3762393793017904,0.6237606206982096,0.04737022933105846,test
0.4649516153296548,0.5350483846703452,1.4150629889157331,test
0.9379136795406948,0.06208632045930518,0.0016238797349368416,test
0.5902061775858591,0.40979382241414086,1.31751022954746,test
0.4299270971402299,0.5700729028597701,1.509241333660131,test
0.4396062085414545,0.5603937914585455,0.154149631495062,test
0.9685342566827602,0.031465743317239836,0.00011563635005389295,test
0.7068195398126096,0.2931804601873904,1.0982085423214978,test
0.3309439495643911,0.6690560504356089,0.5659672687622254,test
0.5351911415281003,0.4648088584718997,0.03217700419589655,test
0.7285076654142713,0.27149233458572875,0.004963385115653807,test
0.5259932577039088,0.4740067422960913,1.5902387147659838,test
0.7672926712127524,0.23270732878724765,1.1527187193588786,test
0.4851702932263993,0.5148297067736007,0.07047900817679453,test
0.45310288404906235,0.5468971159509377,0.3468002200414662,test
0.4455341732027007,0.5544658267972993,1.3201211887071496,test
0.6254593157893498,0.37454068421065023,0.34427944191059057,test
0.23816274120672445,0.7618372587932756,1.1795528581328558,test
0.41174326082202617,0.5882567391779738,0.35781587060659964,test
0.9219481913653326,0.07805180863466743,1.0230667117875407,test
0.25677190426930846,0.7432280957306916,2.2014208529175026,test
0.8988652428526869,0.10113475714731301,0.007690490616415344,test
0.8320564890490321,0.16794351095096782,0.019989322473453527,test
0.6392063979996192,0.3607936020003808,0.002613288836895638,test
0.23493680241158602,0.765063197588414,1.8088729018777059,test
0.21119093603797093,0.7888090639620291,2.4375793127855,test
0.5481759027201729,0.4518240972798271,1.0666135235709289,test
0.5722436039304294,0.4277563960695706,0.5532002693394565,test
0.357799442750047,0.642200557249953,1.4249187270296648,test
0.57136340500856,0.42863659499144,0.04280719994310621,test
0.5042755269453836,0.4957244730546164,1.2611684572982316,test
0.440582029573059,0.559417970426941,0.012986161176072325,test
0.5947722007830585,0.4052277992169415,0.003315823633173696,test
0.35259106024436043,0.6474089397556395,0.4151694102281357,test
0.49413647934380117,0.5058635206561988,0.024617188425552498,test
0.684162799449308,0.315837200550692,0.001029630229288419,test
0.29833874990192905,0.701661250098071,2.080773973931694,test
0.727735940346294,0.27226405965370604,0.000896051581186295,test
0.3676956952130181,0.632304304786982,0.004358948638404083,test
0.42613162089787915,0.5738683791021209,1.6928921470340244,test
0.8081732055272626,0.19182679447273743,0.0009656635722214422,test
0.5735051436770627,0.42649485632293727,0.3126568212341103,test
0.1421762887043168,0.8578237112956832,0.06572352170520099,test
0.8653434766576791,0.13465652334232092,0.05840750096013104,test
0.9373961125581953,0.06260388744180467,0.0018190768883879966,test
0.3349459237958017,0.6650540762041983,0.053445530213768355,test
0.44472687887213325,0.5552731211278668,1.2551266941003119,test
0.9147224545161191,0.08527754548388089,0.003684109128615623,test
0.5360032487258327,0.4639967512741673,1.2683940096383035,test
0.9706587684684658,0.02934123153153423,6.673894457100556e-05,test
0.8035014227120102,0.1964985772879897,0.09123347962078719,test
0.13742752231609331,0.8625724776839067,1.8228118902705093,test
0.23816274120672445,0.7618372587932756,0.2947939870116903,test
0.27475933230181276,0.7252406676981873,1.6045651818282498,test
0.375684685319878,0.624315314680122,0.002128159759963847,test
0.6069544625551436,0.3930455374448564,1.3302275559838754,test
0.6542542477007333,0.34574575229926685,0.018890140020804726,test
0.9325144307408275,0.06748556925917248,0.0036349076834174036,test
0.9653033407752681,0.03469665922473186,1.0350216170634507,test
0.6603609545955925,0.3396390454044075,1.1514030853980632,test
0.1717704888942925,0.8282295111057075,1.4412697498596203,test
0.9512395179580874,0.048760482041912634,0.024731908637196206,test
0.10063495361414826,0.8993650463858517,1.117424799739073,test
0.7492062152715695,0.2507937847284305,1.0254829075302045,test
0.344248635797709,0.655751364202291,1.930056772662215,test
0.3750571918642298,0.6249428081357702,1.0730468584223343,test
0.27267343959908114,0.7273265604009189,2.1258350459521074,test
0.4450074454610579,0.554992554538942,1.0913463651692699,test
0.6358640801362103,0.3641359198637897,0.019018635957117325,test
0.5731229812153324,0.42687701878466755,0.0029115457055243683,test
0.571570415820523,0.42842958417947696,0.0012321500004181627,test
0.730130362867741,0.269869637132259,0.06183968392392027,test
0.4262015649570919,0.5737984350429082,0.10553139968686658,test
0.7728896416253266,0.22711035837467353,0.005200105545309831,test
0.2316469417061697,0.7683530582938304,2.435683026743362,test
0.44004254627484773,0.5599574537251523,1.2498281020481035,test
0.6717764105949837,0.3282235894050163,0.30156889228980044,test
0.4425810305997773,0.5574189694002227,0.47271342750751544,test
0.35339066063146407,0.6466093393685359,0.047973623754630455,test
0.9697940185728424,0.03020598142715758,0.00039176697306791296,test
0.6125075868437596,0.3874924131562404,0.002647548884378926,test
0.3955578247516529,0.6044421752483471,1.0603648902226794,test
0.7417987424890125,0.25820125751098755,0.0015030547227653662,test
0.7292954563719883,0.27070454362801166,1.0600114918917436,test
0.4532573059498341,0.546742694050166,0.07256274290013902,test
0.8598240435789417,0.1401759564210583,0.09312368844054053,test
0.39985421398067417,0.6001457860193258,1.377836601090521,test
0.9657201679746018,0.03427983202539808,0.0016633322156925207,test
0.374408394335725,0.6255916056642751,1.647858058402944,test
0.9513669311162235,0.0486330688837765,0.001948729972625057,test
0.9551324119344154,0.04486758806558455,0.0406520078641808,test
0.28631143001718035,0.7136885699828197,0.26459708031696455,test
0.7279834869065409,0.2720165130934591,0.03244388325332387,test
0.11970896482650166,0.8802910351734983,0.024257007480947456,test
0.6738795905480823,0.32612040945191767,0.002303834857153806,test
0.4094208493147105,0.5905791506852895,1.8732947255679533,test
0.22193349666932324,0.7780665033306767,2.3368681752774543,test
0.5732952859364351,0.4267047140635649,1.1563973507662948,test
0.7946913868404322,0.20530861315956783,0.0010222887757896867,test
0.76547096227051,0.23452903772948996,0.008023621495445174,test
0.3915106349777946,0.6084893650222054,0.31217840620787973,test
0.6580117935001331,0.34198820649986694,0.011597132227758543,test
