p_pred,theta_pred,m_pred,set
0.6344722716501262,0.08697529424177175,1.1751944480462944,train
0.41200185700142716,0.16250960539039838,1.513201507888021,train
0.580536292901929,0.10305487231622956,0.02278998622110697,train
0.701441455078525,0.06846691159823637,0.002031243195559426,train
0.4793612053567743,0.1367579712177872,0.16265552587512164,train
0.24789422214107645,0.24342274509887774,1.7921098690077408,train
0.7728330974277005,0.05023285391246324,0.03099579806219337,train
0.2845642940299229,0.22225705343957747,0.08393051175683428,train
0.30346562303771185,0.2121892545050068,1.4181846011868835,train
0.5945042862222435,0.09877963282352209,0.1165688546634061,train
0.34246647214936493,0.19290694173187173,0.10456017539450514,train
0.6706252904911598,0.07679959679987014,0.29173661071681967,train
0.12142005156593046,0.3440691117843302,1.8919495867518161,train
0.4779282286550045,0.13727469534789527,1.2441629882386094,train
0.34703923873216025,0.19076302795093947,0.021027441664570812,train
0.5074179317372878,0.1268815566465794,0.006611932180294852,train
0.5929581023227616,0.09924889918675628,0.0025435304064182407,train
0.47379270383861294,0.138772926746493,0.1660774705429718,train
0.32452016725329147,0.20154887300178526,0.8668328204885806,train
0.509298831813607,0.12623521805790028,0.06690033521568645,train
0.8043147642422109,0.04261810971724023,0.09830394046741642,train
0.12794477090050385,0.3371664108796263,2.0259010015779406,train
0.4055758296966153,0.16513853993918837,0.6749376866770441,train
0.20100503741998968,0.27449336543999225,1.504745231527122,train
0.742113980187117,0.05790625003314198,0.0011799177588118965,train
0.2692108792056221,0.2308367580503361,1.8767692083946004,train
0.5557021551915816,0.11086354634690354,1.1525708127366898,train
0.5159534508522579,0.12396369585737854,1.354571320849799,train
0.3961196933898249,0.16906837797107577,1.6523186068455014,train
0.44600471246650725,0.14912083493615513,0.28381858081363065,train
0.8446466383253826,0.03320362893865869,0.015619273214011685,train
0.3907150142086095,0.17134831064624412,1.3193146262295399,train
0.5904687780325607,0.10000646921887801,0.015057073019892413,train
0.5008338756578746,0.12915925784835602,0.05426992230950803,train
0.5296169469637731,0.11937223371853034,0.4628512048942306,train
0.256732139438765,0.23810337811902227,1.6991082422133725,train
0.8131776903283123,0.04051742711627204,0.002017324179079269,train
0.8655882659984466,0.028456451745428768,0.0004870172799557177,train
0.7379624559079108,0.05896266629745506,0.015628365697439514,train
0.6822180959045853,0.07362964853636689,0.019170841946338103,train
0.8236005767032999,0.03807031232374469,0.0004752433082233201,train
0.8792195511347337,0.02541557317698273,0.0029637074046091638,train
0.7936293415525766,0.04517552403471481,0.13545757919836962,train
0.9013904552770028,0.02054927732124001,0.013058856428886222,train
0.20790203197105273,0.2695815296842168,1.7048533044551852,train
0.40886788422487386,0.1637876068018147,1.5797994331866259,train
0.7046045887163064,0.06762827767457402,1.2566337061624873,train
0.21938225138071116,0.2616873699409882,1.432745141599422,train
0.3336794739989343,0.197091790546557,0.004993050792520782,train
0.9585300988349484,0.008435086325239927,0.00645795684902511,train
0.42396316017719715,0.15770228188792002,1.6227866514752889,train
0.33023419512055135,0.19875670488116837,1.260227246079513,train
0.7861731585345264,0.0469764283394285,0.005865603131224146,train
0.8882620202737965,0.02341911673155539,0.00036235982144711647,train
0.45992193409309334,0.14387569946651824,0.07490256435089093,train
0.5719283706398888,0.10573068710036515,0.35444704010422806,train
0.6943044675789548,0.07037029623399504,0.006354087977596056,train
0.2050017484335713,0.27163090030035386,0.6682413222201062,train
0.7168057281156734,0.06442136975063328,0.0010436283661724552,train
0.3538273310830884,0.18762177264030366,0.004778923819248466,train
0.6381068336449673,0.08593163411162563,0.21997136816039653,train
0.944929711837913,0.011265015787173871,0.001496448019214112,train
0.729041182757116,0.06124900059267968,0.011997687619824437,train
0.34124219329151817,0.1934848219242491,1.262708792531502,train
0.4305651001467778,0.15509522420227895,0.2919606905283224,train
0.30803711398788747,0.20982986872415843,0.3208880497702645,train
0.3518511264023188,0.18853126958701105,1.1783469359681282,train
0.5805678617399278,0.10304511757741619,0.2095793266960766,train
0.6559538642049237,0.08087483072260082,0.019603571292790986,train
0.2535828079116668,0.23998185438129416,1.7765528651427098,train
0.44201464570433957,0.15064874683268759,0.3807498772900335,train
0.8794478621602633,0.025364963460364542,0.0016919550115297986,train
0.27702894892304125,0.2264203601557636,0.06439545652514006,train
0.3841505514432942,0.17415167516975538,0.8281472813013329,train
0.4662480152793505,0.14153340729089736,0.34285868234451683,train
0.9466989747768791,0.010895036210995634,0.0001614765183444213,train
0.371312680671377,0.179746756821332,1.5710326151385179,train
0.12470738954869305,0.34055521568686464,2.0809240304263783,train
0.525074879314875,0.12088791909083851,0.004500586820921997,train
0.17748887747221098,0.29232438899620894,2.0027016093828656,train
0.9055227667300549,0.019652885784289587,0.0030438505691539348,train
0.534823059517733,0.11764769445142098,0.20625572690108898,train
0.5255848928926898,0.12071720629635319,1.2193347641489463,train
0.29703843869832647,0.21555494308805856,0.8121194752588996,train
0.46796993262466313,0.14090025514686377,0.004200084484528126,train
0.4861193844955082,0.13433753322623476,1.227350069083794,train
0.45708249853540767,0.14493541636606477,1.5430292713821354,train
0.3396826544516791,0.1942233574453036,0.8766064516600429,train
0.34835865241782543,0.19014863155921868,1.6843849878903039,train
0.5492935320377236,0.11292386202016347,1.2992378105566507,train
0.4541916903365043,0.14601973036163285,1.5627204342440288,train
0.3788000207276575,0.176465118457674,1.423964525112216,train
0.7153453297861286,0.06480290473446249,0.06429763510936405,train
0.1737738048643002,0.2953120226802286,2.1209535994996145,train
0.33621290589763775,0.19587627452580003,1.681987262273129,train
0.2085056307429908,0.26915789882510777,1.2284781427430729,train
0.7889669593040869,0.04630004266871335,0.0018887923004770363,train
0.2802026204892222,0.22465598560960087,1.6470554651470657,train
0.7010205627457562,0.06857872970361212,0.009119156421386925,train
0.23802269699331585,0.2495466953772133,1.8807538901155345,train
0.3056888907736012,0.21103828140707082,1.7385834212298503,train
0.5809387860278481,0.10293053412205655,0.0032423751012320198,train
0.44624497656524176,0.14902918044364022,1.361043470308367,train
0.3054863530109694,0.21114285629510432,1.8287599860070065,train
0.376369744438148,0.17752455523874378,1.4685132195430608,train
0.38580802564030436,0.1734402530530852,1.6280562701754644,train
0.24591963951898954,0.24463189556595588,1.6553036398768626,train
0.5868900082859029,0.10110007714513469,0.019423699637609156,train
0.670430221594051,0.0768533104441238,0.0010868774138005305,train
0.2508874464951267,0.24160443216042715,1.9400893993845405,train
0.22103997925291569,0.260574938326568,1.9554205413062262,train
0.6506506909719622,0.08236582572881612,0.016540473175590955,train
0.5547787563379131,0.11115923490343083,1.3882940979724276,train
0.7761756956629268,0.04941269964186856,1.053210043423008,train
0.5304614117303641,0.11909158360786354,1.428752442855135,train
0.5771984304478435,0.10408867117341514,0.11301278215921466,train
0.599313964302371,0.09732611245445055,0.0024503351594411162,train
0.37971251214873986,0.17606873755322072,1.0621698120224388,train
0.24298869495448985,0.24644108228018347,1.2368899238275686,train
0.6146369025997032,0.09275679044394802,0.15255900245450602,train
0.8663168312443188,0.02829295722981473,0.004139304255254599,train
0.5450677939686955,0.11429294424104819,0.037271943197091484,train
0.37201795298483653,0.17943539504483974,0.6948124287753749,train
0.2177184559623442,0.2628106556122025,1.9780138360515698,train
0.34383185855923587,0.19226440253432076,1.1173919336025437,train
0.7957560963355281,0.04466432713262647,0.11456638615093523,train
0.3751052243283078,0.1780779670354602,1.6825929061796907,train
0.5743535185579928,0.10497357611620539,0.010146502246229323,train
0.7761662311097224,0.04941501791285097,0.0007601712416164319,train
0.21134369214227722,0.267179081171683,1.3673481220946668,train
0.40666298708833953,0.16469144514870215,0.0037600444384190915,train
0.9293441366322504,0.014548368947954526,0.012573399187072853,train
0.4669783395920424,0.14126463764528718,1.518636895574011,train
0.7400505201792931,0.05843073509659802,0.0017990951491570156,train
0.41185678274703247,0.1625685931881099,1.538957126592457,train
0.9191636843970515,0.016716907714658613,0.02626162961968616,train
0.5315880548820631,0.11871771009846643,0.012456247367336254,train
0.21674105597498097,0.26347373785966244,1.3910186489045866,train
0.6991549110857354,0.069075023404786,0.17910521217682807,train
0.2888576223115468,0.21992426957674371,1.7854449975286875,train
0.5895021680529574,0.1003013240755245,1.2884657079007082,train
0.6323596650172211,0.0875841265889552,0.01107871926264063,train
0.9278477421207411,0.014865920870025695,0.043198419274983524,train
0.5924807053317054,0.09939398681255684,0.001976583129376247,train
0.4296761047993425,0.15544441066508174,1.6155166060467905,train
0.5138122120684308,0.12469202689691372,0.2505629237862442,train
0.8794478621602633,0.025364963460364542,0.001541064554855096,train
0.30776983242854017,0.20996704131498067,1.684015337728484,train
0.4937067337971978,0.13165199640621683,0.02511287634789864,train
0.3055969280738666,0.2110857569839132,1.5064650165572924,train
0.9422118652464434,0.011834439516530848,0.0022785750335584205,train
0.7202488209450149,0.06352430308399892,0.21809827414671434,train
0.9455064155557525,0.011144357502640867,0.0015613772360431857,train
0.1030867525060102,0.36519465956546826,1.6350379209856982,train
0.4799160559734034,0.13655822674067464,1.372713363343954,train
0.6688084550896287,0.07730036042942401,0.3173664377225006,train
0.2035069052281759,0.2726962446846538,1.8741518555795929,train
0.6118341031697699,0.09358572592344949,0.03644431070907113,train
0.3921021583642383,0.17076075684466352,0.004235208680475928,train
0.6092332645996382,0.09435765279960551,0.006284367761823229,train
0.43127200811577815,0.1548179708613695,1.369387045954688,train
0.4872585782052193,0.13393218665330742,0.04244212675483689,train
0.8128953867306695,0.0405840553592306,0.04715585904238121,train
0.2855334446367676,0.22172801636184547,1.3518978836752207,train
0.2351325718032721,0.2513780463857721,1.4470062156800647,train
0.33977381175450055,0.1941801144118217,1.071106163710161,train
0.7886117172329435,0.046385941166518285,0.0014541200777421401,train
0.3281740181911045,0.19975892551618113,1.1866706834101421,train
0.4842732214001365,0.13499604940852838,0.0019411341813673785,train
0.3782542629094902,0.17670255764397036,1.6484081320182609,train
0.621407269557278,0.09076684057982065,0.05847324970948442,train
0.20099755173086364,0.27449876928270034,1.0926912372060167,train
0.9774038020631183,0.004560649345856649,0.00016275263033172744,train
0.21232157140247268,0.2665021858745361,1.7123035799220885,train
0.3276520054454478,0.20001366968323253,1.4647832517418529,train
0.7854114073647337,0.047161183655072825,0.0026825539666934122,train
0.5269696512330484,0.12025436460309247,0.03379522009259198,train
0.19069317082279647,0.2820949174109286,1.9781863642243869,train
0.5682593571692857,0.10688101933017347,0.0982723667073284,train
0.6364190133628537,0.08641569663294413,0.009424074863272867,train
0.8348853028528104,0.03544862786453451,0.004537529266809,train
0.46253794715651764,0.14290398929459835,1.3062495064735895,train
0.4904744677793561,0.13279198934257586,1.2403949693174312,train
0.1640891681672414,0.30334784852750063,1.8374738480412975,train
0.7875030923224171,0.04665420887327831,0.0025989372242337366,train
0.8535031211435088,0.031184624278383644,0.1287051243329555,train
0.6176199736946415,0.09187785453747488,0.03371224899983166,train
0.6966314804091461,0.06974798540741456,1.0532806651094604,train
0.6548674630179961,0.08117948655458218,0.012336870443885243,train
0.3356838971075064,0.19612948104641992,0.005247595781271218,train
0.6238444623524065,0.09005474456792306,0.22601822948050568,train
0.36443139345535447,0.18280978771393697,1.6440634188613632,train
0.472464293802562,0.13925640735750933,1.2769138572686547,train
0.18996791361396925,0.2826418271289428,1.8965196036070622,train
0.4108609393371963,0.16297395657190783,1.4339801382300184,train
0.3245029860347629,0.2015573277329299,1.642472456153961,train
0.8042499311579094,0.04263354447610812,0.0010272977187513498,train
0.703971319127079,0.06779593342017076,0.07954574075665806,train
0.8631014833956611,0.029015331506866082,0.09795455067801506,train
0.22998526520342816,0.2546847586039892,1.564929496932562,train
0.41961841118657744,0.15943576566286755,1.5894644102565838,train
0.5177032396153145,0.12337030772252466,0.008913007682606057,train
0.9583356378062788,0.008475322178571165,0.0011409126360156824,train
0.2781313373768362,0.22580567270586005,1.8700144797914204,train
0.18723943882663838,0.2847144260673169,1.9155406278894,train
0.29614251039664535,0.21602872418613295,1.7145684483122479,train
0.8197398886683672,0.038973831215283194,0.004245565971651752,train
0.23037004894581126,0.25443553093785787,1.5341619557277402,train
0.7536101612131155,0.05500535148315555,0.0027384740482682838,train
0.24497999810744275,0.24521002136918046,1.585972628768817,train
0.6653903742582288,0.07824542299499282,0.0019442706349497064,train
0.9785371264300731,0.004329908932673376,0.006796792464928198,train
0.32707980400100456,0.20029327940584307,1.3687072294580487,train
0.43540417286165156,0.15320454690544494,1.1868957033013248,train
0.41397021518082855,0.16171090035425006,0.00878712961616626,train
0.3209241709492483,0.20332629040355443,1.5710239650036157,train
0.4976817870850446,0.13025818660508404,1.4617815532689853,train
0.5095392921651842,0.12615272577437708,0.3029094830443943,train
0.7770926512990397,0.04918820542431168,0.004175145850900115,train
0.5367729489162038,0.11700524428561321,1.15399100531557,train
0.3608675319174606,0.18441437632055357,1.7052921862285042,train
0.3559998591696827,0.18662660037653378,0.5297113024504306,train
0.23160739434547004,0.25363634272282143,1.837906181998359,train
0.8094722780518157,0.0413934414155388,0.013067280362582685,train
0.43627099605409175,0.15286764700840816,0.015338539245006215,train
0.6466430481423252,0.0834990434006525,0.04112948716193566,train
0.6123338724374472,0.09343769558066484,1.2221111242683178,train
0.3079577277137024,0.20987060091345155,0.008756525343532323,train
0.39250148960892484,0.17059192006786816,1.4651180283942482,train
0.1734098852161375,0.2956074238146774,1.8387271352497756,train
0.24341549209848065,0.2461765505739072,1.8079753268412002,train
0.7390813736342503,0.05867747419160041,0.0010388415642109579,train
0.19084917504701523,0.2819774935999343,1.9845081994874219,train
0.7240681680643752,0.06253321139093382,1.005669749979689,train
0.524205100208635,0.12117935960570647,0.006815690655916019,train
0.6114600297788046,0.09369658879010179,0.4041242827529141,train
0.24699819270337423,0.24397047692172646,0.5686914572244798,train
0.6548887747898267,0.08117350627938369,0.00811686359141907,train
0.7620580902734596,0.05289612038558,0.11608718772680461,train
0.16867276426133435,0.2994986243909087,1.6778853552841893,train
0.7395611990678431,0.058555281086021926,0.03753916961262052,train
0.5086707720082966,0.12645082720610745,0.037676878325978755,train
0.31279813548714774,0.20740225730867756,0.009366483441343231,train
0.46142951387548903,0.14331517533074323,0.003194218719247707,train
0.842318904406733,0.033737089792867936,0.0006715009152579111,train
0.7630793460354086,0.05264240817249788,0.12834834437612663,train
0.22887028927927322,0.25540882651788555,1.811709075020521,train
0.9653417136549899,0.0070298011163054674,0.002785614589722412,train
0.4030391869692296,0.1661854777371109,1.3721764942660701,train
0.49325239460998305,0.13181187667749983,0.045769320197461535,train
0.9044986948263689,0.019874724579074465,0.004956022088689008,train
0.23728535218263322,0.25001222222858466,1.4016938728605062,train
0.6686292178526781,0.07734982148636793,0.005335782743995308,train
0.3887335429407714,0.1721905052978524,1.0205717324501578,train
0.24310186119426755,0.24637090490238855,0.6872857664773939,train
0.6546521954133924,0.0812399013146834,1.0818918135218385,train
0.6219991858715644,0.09059369004725082,0.021724268428968775,train
0.7206670137972507,0.06341558051260165,1.0864373130918155,train
0.22845780614269745,0.25567740917686277,1.4756433677979073,train
0.4190594364141704,0.15965982864339334,0.004275089545444541,train
0.8541049430741041,0.03104803662084643,0.07189917891528291,train
0.7252267355027916,0.06223339873253364,0.00123355286285741,train
0.27240830540095723,0.2290183015268188,1.4777492754813613,train
0.39762833426343647,0.16843641139252952,0.22243605590570759,train
0.2874687894145793,0.22067584016162411,1.7687200476239302,train
0.602207188820535,0.09645624797597019,0.003893547941718704,train
0.18837564400624282,0.28384842726329085,1.0073133063303246,train
0.8946894736775453,0.02200988419682859,0.0014392232754821498,train
0.530060676593091,0.11922471965435855,0.5854794813223614,train
0.7212769590177136,0.06325709625327736,0.001381245263695807,train
0.7030637813006627,0.06803641112919379,0.0009258615950407252,train
0.25047594292870096,0.24185337840073273,1.9254400813990258,train
0.5460233892082285,0.11398260320002329,1.3272113938594967,train
0.47496081595222733,0.1383486825033322,0.011531411691084693,train
0.9627515776878979,0.007563227273563067,0.013753636726332018,train
0.7592163169656239,0.053603541045976755,0.07569239778870689,train
0.7940073490805756,0.04508458432880935,0.11183269332132748,train
0.8721190724775718,0.026994809889022142,0.005881852459030469,train
0.7253343690162233,0.062205564920676415,0.035692876237861805,train
0.8647764647226135,0.028638754663807386,0.002797339574817654,train
0.20078212610887655,0.2746543518754867,1.5020079002792954,train
0.25902751412719016,0.23674584087726902,1.4575732878724812,train
0.36751831922582606,0.18143004840755284,0.09511252938454834,train
0.4172428347512394,0.16038966176772007,1.3674535431722286,train
0.7711371795120326,0.05065005727271643,0.11615560770657492,train
0.37091209931793917,0.17992381516304212,1.5513770781664342,train
0.5448800914170105,0.11435395403880855,0.0034699847928821507,train
0.412693918446798,0.16222843880599536,1.643749862163334,train
0.28598053165247644,0.2214844458947981,1.7713321791144332,train
0.8593406869602158,0.02986298546803412,0.005325904848491546,train
0.6481785872196809,0.08306418581138686,0.017579929701038926,train
0.5657066184683167,0.10768488015413502,1.3670039299984778,train
0.21885316545124703,0.26204383287529887,1.9147723281442017,train
0.8784793980707897,0.0255797152664351,0.024501678871753883,train
0.27175923408409314,0.22938605810739598,1.241443216542613,train
0.5764232987766023,0.1043294280936995,0.15937183338935954,train
0.8128711076900544,0.04058978647232592,0.0021810431244079797,train
0.3104103282792092,0.2086160600301924,1.6281584288743056,train
0.48957022718398335,0.13311198300402627,1.3840861884535973,train
0.32892032995905174,0.19939528502897186,1.5634871365952974,train
0.35117520159264554,0.18884328439400389,0.39620732262307967,train
0.0577223533458736,0.4347132502104675,2.3678935195662203,train
0.12463306902347074,0.34063383487749166,2.321098198601117,train
0.4710954785355272,0.1397557325964004,1.1308399709592332,train
0.8052583740948364,0.0423935778839315,0.10383722308109342,train
0.480229612138865,0.1364454291959113,1.1103977947491144,train
0.1692896046798697,0.2989870220934765,2.1665979231133816,train
0.49205868421433313,0.13223250104487327,0.02485613930016008,train
0.9345253519302003,0.013452006788620907,0.007690804261092878,train
0.30723938579798016,0.2102395563478946,0.03281011708524947,train
0.8646084402069044,0.02867650434727409,0.0005969428954298904,train
0.745757787833314,0.05698291852131743,0.01837314061066544,train
0.5471650240315615,0.11361241267612432,0.0032962928643129282,train
0.7454050058399685,0.05707215457594428,0.06729492200818142,train
0.9347528235127569,0.013403984594998142,0.02964609239757859,train
0.5689193158474375,0.10667366753181651,0.010675638649955925,train
0.22863364353519225,0.255562867703665,1.5865333226330347,train
0.5438633944872868,0.11468470806501352,0.06800280430155395,train
0.4030776495751804,0.1661695639221309,0.015282781639135525,train
0.8342548654282609,0.03559434202093159,0.001904174672643435,train
0.8146906909615079,0.04016064936670605,1.0186513156132888,train
0.22360731908643955,0.2588652053042294,1.6492710581178391,train
0.23233931614890052,0.2531652087123646,1.9765948459711364,train
0.2903873478715094,0.2190997928035634,0.4093879297942814,train
0.4583876148594335,0.1444476766859304,0.0032486206847685186,train
0.809878133020288,0.041297335040439975,0.003597737651335649,train
0.8413377258745073,0.03396230579508619,0.007756573616061251,train
0.43456100194395353,0.15353276930365156,0.259268681210829,train
0.6067637721806866,0.09509304006680797,0.1309331358460703,train
0.44682044861688325,0.14880981326424925,0.1283465048875271,train
0.3471748438132398,0.1906997961977498,0.20170420790547897,train
0.32817562144191254,0.19975814362330035,1.716963785755541,train
0.6395731043815759,0.08551194216460645,0.033036523405604735,train
0.37375077035643667,0.17867239596261886,1.302414843411381,train
0.3381257042590694,0.1949633779024058,1.1356217453395014,train
0.5372321919519776,0.11685420445070782,0.009696432200443942,train
0.3724503529333341,0.1792447336832268,1.2145035216591942,train
0.7434289487551639,0.05757262296375398,0.010227758366314637,train
0.6233276006879025,0.09020557439486854,1.1325329331389944,train
0.6168462536625977,0.09210549764417697,0.0011823577890935333,train
0.5836897860282556,0.10208253537261747,0.24875721571204393,train
0.25931153458430756,0.23657853449681632,1.909115283882601,train
0.745675686992946,0.057003682878257744,1.0569527062898256,train
0.8955464982122776,0.021822592274313157,0.0003073555796720839,train
0.46384612891895177,0.1424197172210765,0.0020973857991739924,train
0.4303361460702855,0.1551850993693794,0.2924264674057275,train
0.6580114850017861,0.08029892358832313,0.2340760569417377,train
0.4161588528083012,0.16082637134451006,0.6122309257644861,train
0.2525500809889326,0.24060190661729441,1.3568674391624829,train
0.5363644659710607,0.11713967659723534,1.0615377374788415,train
0.5630893444645355,0.10851208179278538,1.1777337392491904,train
0.6017444095451038,0.09659516027123272,1.1703480283185268,train
0.4374375938024082,0.15241508090009082,0.4321371669604964,train
0.6970653590497597,0.06963213765271115,1.2575396087778206,train
0.8749462395460682,0.02636478395645625,0.004470344603550028,train
0.6407608552080829,0.08517253515191214,0.38741222076875115,train
0.37185489337523825,0.17950734017964243,0.005529623426223531,train
0.4673613842910239,0.14112380620677312,0.011880508658381297,train
0.21466382506614093,0.2648909443785471,2.011395907601857,train
0.3220551579255856,0.2027655597352951,1.497255414342202,train
0.5671428927434857,0.10723223928457326,1.4053573670422237,train
0.1509646253923536,0.3148667593296973,2.0735292150366207,train
0.33516698820914936,0.19637720457911634,0.03481290889852309,train
0.38688931457900483,0.17297745830401612,0.1646067444894253,train
0.3923636168357462,0.1706501969742399,1.5273470942875444,train
0.32391917132379133,0.2018448310325749,1.5072807117288751,train
0.2846962536735609,0.22218493500972314,0.056165824344884284,train
0.33683998003359644,0.1955765421759703,0.10219201716574045,train
0.44406225428060925,0.14986328631953671,0.30578611515948256,train
0.03985480235285597,0.4750763597196518,2.5984288884769238,train
0.570115990069437,0.10629817587265478,1.2638333303364495,train
0.45242751702121764,0.14668417025985592,1.463697275972625,train
0.3237180026048889,0.20194399389104822,1.6124736107906437,train
0.3639374168206571,0.18303144365431034,1.1465577790466002,train
0.7594876353502743,0.0535359086583298,0.005603192044209542,train
0.9402697173776697,0.01224214993273609,0.05711810950340867,train
0.49880042902311056,0.12986755302065423,0.0061289520059316024,train
0.43836148548959725,0.15205735401554388,0.009667740482755332,train
0.37831286568052475,0.17667704860069988,1.5278876384938997,train
0.6040979124087942,0.0958895958021706,0.16970177240958637,train
0.4616201006826058,0.14324441875700067,0.3216087121409926,train
0.9397367429666731,0.012354153765786968,0.0012054131616890391,train
0.26733643119615463,0.2319108519393649,1.2550308090952187,train
0.6179465390170145,0.091781841289442,0.13509735514230112,train
0.2873581777394791,0.22073582275765735,1.6122929857629553,train
0.855961618983498,0.030627135768281355,0.0003938758277945173,train
0.6500846844429934,0.08252553285372055,0.16708485395295344,train
0.6394867300755535,0.08553664380953507,0.010037690092269977,train
0.6118345632297205,0.09358558961042662,0.07430667478575825,train
0.4033551261581362,0.16605479460282968,1.1496109649304984,train
0.4278542837181301,0.15616180934054058,1.3982009365388435,train
0.9634900086797041,0.00741103404875898,0.0004554972577353471,train
0.20905701721264222,0.26877176934134095,2.004686232618236,train
0.5873328296079029,0.10096447014370702,1.291531967038802,train
0.19944413002463907,0.2756236682258849,1.6098185303362758,train
0.24027903042170987,0.2481292770955621,0.16033389936065545,train
0.677935784390323,0.07479555268089833,0.0038007208310748197,train
0.6547684130392138,0.08120728291464752,0.27303091084109393,train
0.39661047124441395,0.16886258114019836,0.45946112754390095,train
0.7135670402109584,0.06526833236225238,0.007245817003399396,train
0.17394483950215775,0.2951733612397297,1.596169448932522,train
0.8910070571184875,0.022816266942196517,0.06964061446613865,train
0.13057952288079044,0.33445869264263495,1.7285314934628742,train
0.6171115404797591,0.09202741951083915,0.0040621967381204455,train
0.4747108652979246,0.13843939131702065,1.5306371589464118,train
0.9635579400202714,0.007397037848082766,0.005595325258895775,train
0.11966145046329596,0.3459802661587945,2.2255936830950316,train
0.43013463764764825,0.15526423249104238,0.6160988726098529,train
0.5611650121964887,0.10912224033611495,1.3866992637426245,train
0.3026431053538913,0.21261677702607962,0.2020369234820424,train
0.6521208381156395,0.0819515205878909,1.250535613138001,train
0.5956956573603869,0.09841871757506082,0.05454839760068823,train
0.8307527716968749,0.036405395020736364,0.01715767260506546,train
0.40888937836126776,0.16377881506933112,1.633293716415845,train
0.8324122053892185,0.03602074502259989,0.0016739531238629069,train
0.4343470665702138,0.1536161292707683,0.10483987955511857,train
0.9160267375421396,0.017388980873073168,0.018452911807976684,train
0.33030138083311583,0.19872410515514238,0.2200886164909097,train
0.2975782612620966,0.2152700280123233,1.8268696430173017,train
0.5178030203610262,0.12333651847225835,0.006168101456227,train
0.5953567400466443,0.09852133073507074,0.012457237694079103,train
0.4433441382406814,0.1501384243635081,0.00830437782119502,train
0.6309642343162334,0.08798716888418467,1.0477411670213908,train
0.29391377987496914,0.2172123060021922,1.8039540762456066,train
0.43320339505520256,0.154062319115571,0.0021382683915496196,train
0.43833269025756727,0.15206849429480196,1.1527596404876668,train
0.4801368177267582,0.13647880457761674,0.11083527954373072,train
0.36133492196861744,0.1842032189079157,1.4944204678014312,train
0.23985766280144852,0.2483931673271511,1.8931320620595942,train
0.32804508789475423,0.19982181381985809,1.567075475490072,train
0.9682202050666265,0.006438331154040244,0.0019291319268911278,train
0.6207692698116123,0.0909536195029732,0.12878253415528942,train
0.6657407233392755,0.07814837684326181,0.011885370270379742,train
0.5932087559801581,0.09917275944239523,0.1719388503643857,train
0.36924794300145664,0.18066101991861538,1.6071362319008586,train
0.726039921996067,0.06202319210364837,0.0009113220963730756,train
0.23052556042918018,0.2543348993301081,1.5898491640024999,train
0.9076891972779236,0.01918424503247762,0.0002339406240332663,train
0.7384546394669171,0.0588371749293648,0.018466344341874958,train
0.31196591215736263,0.20782446023534096,1.1059146637171355,train
0.6484873587741973,0.08297684267191763,1.3309752775331607,train
0.07923204607778066,0.3977453328297933,2.5461708118789375,train
0.7618024768397793,0.05295966540029984,1.1420264951978332,train
0.5457709480703238,0.11406454423723023,0.5378418416269878,train
0.6688477053929118,0.07728953060504629,0.025493130196775248,train
0.17309640315070335,0.295862281585776,1.8401280766922796,train
0.9055419789692332,0.01964872586604438,0.0006998998495565362,train
0.7707545782126773,0.050744280359915406,0.1189931735466563,train
0.3607556086036425,0.18446497348673652,1.6928934728935732,train
0.700002663354595,0.06884937633983923,0.03942063958472483,train
0.9221432435870338,0.016080250987130285,0.02098738888797265,train
0.4882504595242699,0.13357987356855017,0.1111775202209038,train
0.24451192467528965,0.24549867143105686,1.8402584442295087,train
0.2418871559476752,0.2471255452652552,1.6178650016905722,train
0.48966378660242726,0.13307885217414417,0.4833846491853183,train
0.630492547879282,0.08812356735282068,1.0681161340974623,train
0.29930082042808687,0.21436362796169128,1.7594951897990863,train
0.607121171712193,0.0949864624609057,1.2776014269874874,train
0.7736804253440512,0.05002468179436659,0.004187037657719922,train
0.176717418055271,0.292940646968467,2.127514072563389,train
0.7861731585345264,0.0469764283394285,0.0005772786342899383,train
0.45391064901664596,0.1461254404273905,0.2971626460155697,train
0.20053233665874093,0.2748349196625024,1.7137487422872915,train
0.530731730925687,0.11900182102575885,1.1044600622205796,train
0.20905701721264222,0.26877176934134095,1.8548363139275317,train
0.46128279581995896,0.14336966127802608,1.2946185936218013,train
0.9016609580307666,0.020490498726797424,0.02886447787377477,train
0.5454406224667574,0.11417181196201975,0.018378623098008137,train
0.7100420004204732,0.06619368243841672,0.0013516917289491405,train
0.3990778644925845,0.16783101049982097,0.03688776071069259,train
0.6234527740851342,0.09016903729549042,0.3215658280087697,train
0.3394581142980579,0.19432991400184918,1.4196718633413115,train
0.3636098535959735,0.18317855974592867,1.5344158225466986,train
0.29981723667454807,0.21409270610766218,1.7827568129206603,train
0.9408479859893323,0.012120685019287758,1.030566799494971,train
0.25239587686459264,0.24069466519298865,0.02491355237653406,train
0.33663136165307495,0.19567620915070794,1.0446920211092858,train
0.7101101273013058,0.06617576381663182,0.0013281783100390868,train
0.7163594569476718,0.06453789387072961,1.1171749155791708,train
0.25063691252858833,0.24175595810756856,0.4362637770339185,train
0.10886934075189482,0.3582274778150204,2.346623298319784,train
0.9459311979284943,0.011055521938032165,0.00022900774382954327,train
0.46247938145861833,0.14292569517574683,0.021574226552367324,train
0.18302719139536752,0.2879620796456679,1.7787506112336948,train
0.528107197523282,0.11987487846464129,1.39631860878601,train
0.6277965628010371,0.08890474103646584,0.01007309349347643,train
0.32001766980936275,0.20377686598995248,1.764937976551509,train
0.44336726590474335,0.1501295577061197,0.001960089573321174,train
0.3359964470935313,0.1959798425323247,1.5461314670322068,train
0.2639215440361998,0.23388323055968863,1.5259967912172254,train
0.1130363696205944,0.3533881785632885,2.0581108615188666,train
0.0796506577463296,0.39711028746847843,2.327936690178229,train
0.7374905621875507,0.059083047282541545,0.0017868989156229937,train
0.9643239345273966,0.007239271153052895,0.005218055878993484,train
0.37281864924190894,0.17908247761905394,0.2951553103648972,train
0.19431476529786076,0.27938854667475554,1.4789747717891184,train
0.3313337792639838,0.19822383255085252,1.1504294720554706,train
0.7169388274611148,0.06438662793690908,0.0007356997998332193,train
0.9088288440074287,0.018938076515486957,0.0006716096342774578,train
0.30826109297279053,0.20971499292262719,1.6561824418376758,train
0.5073626903026931,0.12690056835778596,1.2973470579943818,val
0.4278059082168571,0.156180891978404,0.026186644685523654,val
0.931714374945771,0.014046213529581686,0.0008059884096684901,val
0.5381140811568931,0.11656445046316122,1.3592739174584418,val
0.3414543829863916,0.19338454612997724,0.02745410954503424,val
0.3347895346148643,0.19655828866898495,0.9168903016541343,val
0.8845880281883038,0.024228315202366568,0.020024179259395845,val
0.8141315037051844,0.040292448431039074,0.03842428849900032,val
0.8057083757684838,0.04228657416597881,1.0370740956914446,val
0.45112123985824587,0.14717748974572953,1.5735625900277808,val
0.4511675790916644,0.14715997005735704,1.1178317289375344,val
0.6254693411563851,0.08958122502121368,0.0015374868246842341,val
0.4862943473398126,0.13427522879161602,1.4529936466332136,val
0.7826208661751531,0.04783922903613991,0.0018531926038451328,val
0.4900923256718433,0.13292716458493015,1.1010878844272058,val
0.4954523208152629,0.13103882355821572,1.1739794365203269,val
0.36022470845443183,0.18470514869130628,0.15931834995583982,val
0.3462785203293528,0.1911181128315027,0.06666594602632012,val
0.5413847987969033,0.11549312791547739,0.5213647260668375,val
0.34680702931250634,0.19087135158754087,0.22376511794293444,val
0.8221355514393581,0.03841277324948644,0.00042802969131757867,val
0.8666732550383159,0.0282130136074773,0.004323649523139674,val
0.5682593571692857,0.10688101933017347,0.00625637318752006,val
0.8644086239142078,0.028721404256916494,0.000639916955552069,val
0.7212512194282952,0.06326378209610539,0.0027272983132664384,val
0.22338932549912102,0.2590097673630575,1.7863998551046183,val
0.3951855071856128,0.16946067260802677,0.6673167129932375,val
0.5776330832962207,0.10395378058919558,1.3753186392188732,val
0.4552131271879696,0.14563597023782104,1.4622032254867476,val
0.523058044168184,0.1215643005413003,1.2265039147103056,val
0.5354867159795841,0.11742882267336097,1.1164226878101082,val
0.666705899037142,0.07788123582997486,0.15243191497153713,val
0.2752526064720859,0.2274149713290634,1.3137316263338483,val
0.22015964304821917,0.26116486069597855,0.0042875286234773866,val
0.9471662959507373,0.010797404658943077,0.018205831513428937,val
0.38899619005083824,0.1720786739218486,0.30860547159079055,val
0.20922268163202923,0.2686559156643843,2.05351973791185,val
0.44485244335647806,0.14956094533266706,0.0018553312394579446,val
0.4325535310428094,0.15431627586458208,1.00546050161157,val
0.4860243534957182,0.13437138137375593,1.3279631105243686,val
0.5123741751467411,0.12518253166588345,0.42206452207244194,val
0.4609467482522157,0.14349450983805567,0.062344805733845716,val
0.5609356453897469,0.10919507852044397,0.05296507907346475,val
0.3798892266485927,0.17599206191076744,0.6821558064001338,val
0.5346103180563281,0.11771790189295128,1.2764942131194714,val
0.17673725996894618,0.29292476989109517,0.7864201477982532,val
0.29573673838631287,0.2162436802181622,1.7175121469018628,val
0.4215341764684954,0.15866964530438654,0.011584292540782986,val
0.7714678434509482,0.05056865490468876,0.005259007326476094,val
0.47568109998591046,0.13808749988428093,0.0027602951125324862,val
0.6132044624123598,0.09318005979516641,0.0011524901414397305,val
0.6114371104838894,0.09370338306792703,0.39055877373025255,val
0.29661662309104203,0.21577786324975246,1.723578993087862,val
0.3876232569133084,0.17266391809212533,0.2388576829857285,val
0.26823027617497414,0.23139791304684842,1.5085354812583807,val
0.27202486978433554,0.22923546702580222,1.5780367824248918,val
0.2929872070915322,0.21770648230908507,1.6927865012070056,val
0.27468157899476026,0.22773579214364592,1.1203959804757897,val
0.8795345605481061,0.025345747777851257,0.002097713768907056,val
0.41787482643295903,0.16013546660639666,1.5157867982344644,val
0.37699189344196676,0.17725282018114086,1.3790981751435725,val
0.31301690947868926,0.20729141823289288,1.8201475654186197,val
0.39217331054954047,0.1707306637167364,1.3191901735285354,val
0.31704696336613963,0.2052606449217571,0.002959790889278605,val
0.7095284130063146,0.0663288096537189,0.0017594528488604367,val
0.8821190617478419,0.024773618019128696,0.11201168966401634,val
0.9538277366608084,0.009409885987391231,0.0001414209315559231,val
0.24792369459244087,0.24340475587282162,1.2936368543788952,val
0.9513499845065616,0.009925071492411508,0.01195875851340828,val
0.6225293512030374,0.09043871511736723,0.02104725939072472,val
0.5974412296595256,0.09789095348274945,0.012947671182729081,val
0.22714407024355407,0.25653542347129465,0.5953603852252335,val
0.40920387793732715,0.16365021777778144,0.0029381192360002023,val
0.2631319989375761,0.23434216154249998,1.899291589898875,val
0.4029110585930192,0.16623849932521295,0.06693546815380973,val
0.5132110208270799,0.12489695544268853,0.2643492658161621,val
0.5563798951176675,0.11064677212449336,1.4004901974878385,val
0.24723193500012047,0.24382744006763202,1.6163471925412083,val
0.535157268294307,0.11753744632478469,1.123825253146978,val
0.5043209311532226,0.1279499754192014,0.19442072718320677,val
0.3464543240186929,0.19103599653384484,0.5166238560959624,val
0.29974902233024525,0.21412847124974932,1.692621373047934,val
0.31554455861818204,0.20601529015608655,1.188243934772434,val
0.5267287070575696,0.1203348278191767,0.12368322312740837,val
0.5086378503079855,0.1264621349006726,0.03121844263945204,val
0.602207188820535,0.09645624797597019,1.2109503890605553,val
0.3092010300135173,0.20923363875010836,0.005369457466903061,val
0.7208891410244193,0.0633578519773561,0.14057278357837652,val
0.9516941899482677,0.009853438576171047,0.013014616485187138,val
0.3985926014368024,0.16803348598557588,0.559965726477713,val
0.7899854452040878,0.04605394141543395,0.08178458547162874,val
0.29048162344173,0.2190490948276923,1.790638138743579,val
0.3552818726175576,0.1869549504249669,1.672096644484577,val
0.5275533030573779,0.12005957622505259,0.3288209331292336,val
0.21569299456841018,0.26418742098217296,1.8919536649483053,val
0.3993331768646128,0.1677245607522333,1.20013371401886,val
0.6052001898755222,0.09555989628497807,1.1924926968812353,val
0.22109466432542232,0.2605383553406674,0.005413588432837981,val
0.47347754941618725,0.1388875303543281,0.5236607551719874,val
0.3944364534359701,0.16977576048484055,1.2281705627693502,val
0.437747330126542,0.15229508503447797,0.017310025319487127,val
0.10792125409201497,0.3593491647771909,1.1047991647209323,val
0.32960973698425033,0.1990599574107862,1.2348729340663973,val
0.212555083951616,0.26634091573830543,1.794797264991812,val
0.2572982347343903,0.23776767711621472,0.39718673001784977,val
0.5708748557913278,0.10606038605912049,0.027818021959355916,val
0.6443391977377924,0.08415303532273433,0.032545489685761674,val
0.27351893475469075,0.22839065409041803,1.3153870211334646,val
0.8250125315736395,0.03774071787718469,0.049327439277506976,test
0.9230335919293228,0.015890325357049373,0.016644105513841122,test
0.24630073410107117,0.2443979261124506,1.6673062424332823,test
0.3366102650672356,0.1956862907492809,1.5802080588616223,test
0.6963252956179719,0.06982977301405735,1.327651716742198,test
0.7687448016793934,0.051239842735498975,1.2086791122963882,test
0.8903058222327882,0.02297012681023547,0.014746990468906138,test
0.5909611975155764,0.09985640994189604,1.4545338423022214,test
0.559307228770147,0.10971288798773327,0.03401081496979473,test
0.9403327540549582,0.012228906221484648,0.00671569971196198,test
0.31027994924973956,0.2086825508651341,1.2076463966228999,test
0.374302352595027,0.1784301155137169,1.0458760194947954,test
0.40969405196105985,0.16344994565392534,0.2948122337022757,test
0.6695178056407562,0.0771047169706337,1.0080757727200895,test
0.7432852620936118,0.057609055420119626,1.1691234683721528,test
0.7909921784720951,0.0458109293278538,0.059241729190615204,test
0.9151916765343959,0.017568198243851585,0.006195326299358045,test
0.443643551773953,0.15002366414769996,1.722811504309852,test
0.40411620868343684,0.16574032103769665,0.029479147408152936,test
0.40710667273062706,0.16450925361018076,1.0692501480767012,test
0.48508430027257365,0.13470649514352806,0.001530688390972511,test
0.29107157791442945,0.21873213732465224,2.088494077911933,test
0.8012108093167855,0.04335818518043144,0.02694139890359153,test
0.2955388440463191,0.21634859952707175,1.6525684707000905,test
0.8419412978006118,0.033823739326904634,0.13088442626059127,test
0.9555202175960579,0.009058592745307514,0.00045204110538925774,test
0.5965053878704847,0.09817374642267973,0.2087672255047247,test
0.21632267526339663,0.26375830470080763,1.450098347738979,test
0.21091524634843523,0.26747644415269245,1.1671571780109224,test
0.4388996168264169,0.15184926976254098,0.616126065525664,test
0.4977232095758795,0.13024370921255346,1.6135362510122826,test
0.23678350440258428,0.25032972898822226,0.07349676522736048,test
0.5702995826959113,0.10624062409819768,0.014718416674856336,test
0.3919432120214275,0.17082799744471167,1.7219475300386018,test
0.23436268537098068,0.2518689271014144,0.6836978420234533,test
0.22422473572779061,0.25845637754146167,1.5479514569090993,test
0.4564774063483751,0.14516192562477137,1.5147148324512139,test
0.2637658330955123,0.23397365207176546,1.158291993026267,test
0.2545883204008252,0.23938007974389286,1.5061304253302497,test
0.8069955355324332,0.04198077041887882,0.014121850234214988,test
0.6219464777104509,0.09060910317325288,0.0012208527358198219,test
0.49658081049988667,0.13064333786326932,0.024591883395234795,test
0.5595593638533553,0.10963263436766069,0.1645592291956985,test
0.35020905045105094,0.18929010629597542,0.08858657279601702,test
0.40313374659739193,0.16614635608570827,1.837456243893368,test
0.5967911355007322,0.09808736150269404,0.14844125705935157,test
0.6449542862705656,0.08397824788491903,0.02776775952642737,test
0.23143814083451977,0.25374545980182917,2.4368414523938027,test
0.7760658106117617,0.04943961655009421,0.17447455179474414,test
0.9050730564123622,0.01975027920933503,1.0059648977815443,test
0.4949553011085268,0.1312132355927006,1.0096646360054418,test
0.4586988319478221,0.14433153470762516,0.0038048424446333433,test
0.4115630425859101,0.16268808008398727,1.4006249959548493,test
0.4819710146333956,0.135820053516851,0.015040604369531582,test
0.48953761533227097,0.13312353255308218,0.4220619404440393,test
0.2373121273242554,0.2499952973552465,1.7668021323087089,test
0.567071448394059,0.1072547332369378,0.004987308585219627,test
0.5153751573755782,0.12416016061935609,1.4169536298009986,test
0.2198225532939661,0.26139124771619204,2.2477717685500886,test
0.6994339378129801,0.06900073042928978,0.06601389892392774,test
0.42270995459591304,0.15820082638329658,0.0024903257945385784,test
0.4040626868388786,0.16576242036534317,1.8742545086092333,test
0.4278981008128747,0.15614452634265752,0.0031209185615701015,test
0.4745018842269495,0.1385152613193561,0.16758416531036238,test
0.49658081049988667,0.13064333786326932,1.6012844988363393,test
0.2569986271106572,0.23794527418282174,1.7235796911075367,test
0.6416210270898354,0.08492704991359401,0.0010560411703763757,test
0.4151311868659267,0.16124123372391286,1.8297254908026703,test
0.4083015991817609,0.1640193673030348,1.7592826143831661,test
0.3639454609171035,0.18302783220055174,0.4598919745570635,test
0.6790997167327341,0.07447807818840335,1.2924443806208985,test
0.22299722777750486,0.2592700705638592,0.536154702552786,test
0.30309939745783354,0.21237949405770928,0.9376349405266113,test
0.33293805950769695,0.19744891024439504,1.2689696262980588,test
0.8708347371223435,0.027281560125309023,0.03808024297209947,test
0.23198209530324151,0.2533950012279075,0.3030651883620811,test
0.9489117154300353,0.010433096466537561,0.0004053807957111345,test
0.2981299983825138,0.21497925145650387,1.3201719393519484,test
0.43365231188305847,0.15388706732842417,1.3942917331757674,test
0.2971601485495073,0.2154906692201305,0.010135763392124747,test
0.1635287817989591,0.30382433185469315,1.6870177827912032,test
0.9159997927803707,0.017394761606376985,0.012985656942900905,test
0.15885541095297667,0.30784971432455466,1.5986059842596345,test
0.6351390172651963,0.0867834814489179,1.387307736183003,test
0.2448870492368648,0.24526730565884303,2.026171819824253,test
0.43834730977499586,0.15206283823294542,1.0762764986818463,test
0.6716735499412136,0.07651116478086406,0.06022421597419302,test
0.2910589466396826,0.21873891818618363,0.005980756384574541,test
0.5997168727185617,0.09720477466987087,0.01345537845575356,test
0.25193285250153397,0.2409734614610809,1.5556437776133678,test
0.6168890924661412,0.09209288768387724,0.0010987625166200823,test
0.32286818705379705,0.20236344148440943,1.8596717350304632,test
0.716667652908392,0.06445741582637032,0.0007039394754339585,test
0.39978585294788915,0.1675359561018186,0.004687826630085545,test
0.7976621675965466,0.04420710268701844,0.0635469021589844,test
0.777748426720832,0.04902778474854952,0.00232913861529546,test
0.4250444990963284,0.15727305520812873,0.71420635838787,test
0.6173598684866163,0.09195435695330545,0.0010664520584263057,test
0.6679324172522425,0.07754220654677768,1.3935964182380893,test
0.5256445863313007,0.12069723425003631,0.010010275464163705,test
0.6647388113578865,0.07842601366396318,0.3181620207550929,test
0.2926582595385224,0.2178822232132651,1.52390541937243,test
0.2562034098454589,0.23841745609421505,2.0483143965801864,test
0.2856737991858248,0.22165151916404968,1.7105439288820987,test
0.6741294189442348,0.07583683187722401,0.31195512570139133,test
0.8910554851258912,0.022805644796866975,1.1144160359387498,test
0.31312126395982826,0.2072385701846794,0.5086257236289458,test
0.5899412330725398,0.10016734370920888,1.5199664531588137,test
