p_pred,theta_pred,m_pred,set
0.9924382978075355,0.0015169356500970288,8.603695869595598e-05,train
0.9765498381076351,0.004734654514195635,0.004819685171249356,train
0.6501976729058341,0.08249364260126313,1.3080132882836277,train
0.9281362986017343,0.014804654036127851,0.01707740388081296,train
0.6598209040874845,0.07979367487776079,0.0004298932417706465,train
0.8808241854248299,0.025060096280897226,0.00489494808211527,train
0.6364187926922652,0.08641575998781237,1.0679855893292722,train
0.5362755270604992,0.1171689573751008,1.1313504555062392,train
0.7042169667813155,0.06773088480805933,1.1284057718771998,train
0.8175943885490161,0.039477416268190235,0.034090054581946756,train
0.8934638248327784,0.022277983881296315,0.04144400099807393,train
0.9058477401564103,0.019582530615189775,0.0001905877185346262,train
0.9771313574301437,0.004616149918151735,8.827883611327098e-05,train
0.6140177905280797,0.09293963389749571,0.003601915432335649,train
0.7030141920809421,0.06804955834352855,1.1424525600422288,train
0.8279643761202188,0.037053120236486325,0.07242517193892908,train
0.5955678167258247,0.09845741808168684,0.0870672431688659,train
0.7154415306180304,0.06477775271468955,0.0002324845691737124,train
0.7764560029953281,0.04934405072408976,0.0056502260421461455,train
0.6545185324054363,0.08127742177817421,1.174625598014935,train
0.6977530420930477,0.06944864097788128,0.0002602218683262134,train
0.8330543999437107,0.03587205155718165,0.11424648513275204,train
0.5877112415567185,0.1008486522880272,0.006053601643388206,train
0.6745253714696311,0.07572829521071012,0.0023942866148462176,train
0.7340936750968484,0.05995142277329324,0.1644754476373303,train
0.9642077875754564,0.007263186703440727,4.521960269826348e-05,train
0.9416937846343636,0.011943133128614059,0.0006774953610243165,train
0.5622583692261537,0.10877535868659671,1.2683923583654308,train
0.7115460512210791,0.06579840902661183,1.171678522037712,train
0.9018413689562728,0.02045130437719611,0.0006241641629252708,train
0.7545458481485783,0.05477080572506765,0.0004883386290140149,train
0.45175435864701763,0.14693824802746502,1.2656082786785494,train
0.7322065864987448,0.06043522529289236,1.2229411012626927,train
0.96322908994176,0.007464799654294585,0.03217110195874929,train
0.7940553291090036,0.0450730439415723,0.0006326451602343541,train
0.9747042888866251,0.005111123019819086,2.3308103834845606e-05,train
0.5721350575822374,0.10566606114835564,0.1254911551754948,train
0.9095449912704344,0.01878351199678019,0.00010976613658842936,train
0.9017858893400272,0.02046335667928123,0.04263642660467761,train
0.5920051276194581,0.09953861455455304,0.0035915116003548526,train
0.4713812764745721,0.13965138160576807,1.4160829993895,train
0.9606866458141473,0.007989313255641894,0.006274118690624556,train
0.702811392736059,0.06810333272055713,0.00030182914239606715,train
0.6660871644768259,0.07805245335322597,0.007521036342240441,train
0.9114190277658263,0.018379502982577733,0.00010428388759266896,train
0.9927929931144437,0.0014455747123797158,0.0003717813149371429,train
0.6991851621964168,0.06906696767159404,0.04479988657938708,train
0.9359787275099023,0.013145341242268072,0.06552813219851987,train
0.9562767519491415,0.008901726591984627,0.0008701080288609698,train
0.584687237840237,0.10177585951716606,1.406272056597879,train
0.9155869943821482,0.017483340448576024,0.01313305968116867,train
0.9596257043641406,0.008208516986315528,0.0006980534319626448,train
0.8414272323465891,0.03394175211160089,0.0881298426242624,train
0.9707762959038816,0.005914285846466361,2.4832679219611523e-05,train
0.8038189370224949,0.04273617620503101,0.0014866344470160133,train
0.7045373937633888,0.0676460615678407,0.0018869919276796833,train
0.7932149429712975,0.04527525839575197,0.00018533957500426563,train
0.7014866147458243,0.06845491725694419,0.001193241826259706,train
0.729827952720422,0.06104647089010806,0.0030838343877975143,train
0.9164331084347997,0.017301814491756495,5.8930790524178615e-05,train
0.6200417651076705,0.09116678912545184,1.2875753500799088,train
0.6149827322054162,0.09265472010935694,0.00348943751819638,train
0.8280243415373869,0.03703917233238285,0.0013264549147158572,train
0.8053143380781668,0.04238026787516247,0.00019913782140741962,train
0.7974622475417165,0.04425501804157361,0.03178503073407956,train
0.8441573238888485,0.03331567036752703,0.01554697701897816,train
0.9640540412521105,0.007294847798264059,0.0001329498570402335,train
0.7455623853799355,0.05703234131514889,0.00700605979868825,train
0.6703995351004131,0.07686176133215494,0.18798672306561934,train
0.665809293798138,0.07812938771357403,0.04064776235924175,train
0.9239795012961761,0.015688708162974963,0.03500935550752091,train
0.6872116018116791,0.07227748521047328,1.0999348163316,train
0.8284498705985108,0.036940217847839074,0.023127382022483888,train
0.8601371717194052,0.029683216711583693,0.00023845863235525197,train
0.569799512851444,0.10639741851625373,1.1996840505841804,train
0.9754702897834759,0.004954799439356505,3.3222669280038015e-05,train
0.5129829307624229,0.1249747549425646,1.253177742828739,train
0.5532228206128874,0.11165836475830115,1.1048814659893975,train
0.6319978828146144,0.0876885517791246,0.003869549141765297,train
0.8361289058417515,0.035161449516513565,0.004029209660944362,train
0.6981092140706289,0.06935365933105297,0.06943964119094989,train
0.9802457829653753,0.003982436944960144,0.00021963375511358375,train
0.7636502511114145,0.05250069565565718,0.0009204758345080773,train
0.656025422541332,0.08085477803236096,0.14392515821740373,train
0.8856714102374437,0.023989420713088072,0.0003466409791635962,train
0.8063091605700615,0.04214379095820253,0.00555291467378507,train
0.8654522458700971,0.028486987692042165,0.00011509001982861791,train
0.6391695988263573,0.08562736107922064,0.0007496834939973976,train
0.7531555361920276,0.05511939504062091,1.092837145352819,train
0.8022741209075366,0.04310440209108024,0.0003321749854085564,train
0.879230424910551,0.025413162548116874,0.0001462543685870072,train
0.5386910760364061,0.11637507823911553,1.321401746849997,train
0.9057806974157324,0.019597043389737445,7.519388632130072e-05,train
0.6844998650544594,0.07301080214142153,0.0004977204652587065,train
0.9776680523965908,0.004506829882964691,0.0010574749044064786,train
0.972858072800788,0.005488298557556837,0.0020912572556798727,train
0.6944276601523005,0.07033730916461045,0.021371396243783005,train
0.5251437701582994,0.12086485205907871,0.002977366757263338,train
0.6557552123914763,0.08093050781017541,1.1323059452645805,train
0.6867638357771452,0.07239841184742113,0.0005088591843136101,train
0.8676432455051387,0.02799558393786228,0.005077573171263452,train
0.49165082106278396,0.13237640574754939,1.5295050468068183,train
0.9937318619435004,0.0012567826488640854,0.00015759191226591562,train
0.9863331666009457,0.002748432981865223,2.306843962480474e-05,train
0.7592342079742528,0.05359908070253161,0.06880027413146815,train
0.690850351150577,0.07129711103102054,0.08792775005178498,train
0.7178936413653483,0.06413755197487248,0.029642892388279437,train
0.8325490917166961,0.035989042724102305,0.019041909266914372,train
0.9870561780714291,0.0026022728350977298,0.0005562517449262359,train
0.6574516626054153,0.08045546935622283,0.0018809269704220487,train
0.9574943735109678,0.008649463121479184,3.762216809913493e-05,train
0.907196265971426,0.019290796889629758,0.00027925092952717613,train
0.6705759428479662,0.07681318385235303,1.2148716820198613,train
0.9043425546667508,0.01990856597347146,0.00015584646956548606,train
0.8930458041639449,0.0223694894373887,0.00039818410399829126,train
0.5787290806466107,0.10361400788120378,0.001290802598126965,train
0.8248895157899018,0.03776941565715508,0.005303515850021992,train
0.8357286144246043,0.035253849281368654,0.003571350317805106,train
0.8181213443578544,0.03935363300296857,0.0007710282035702566,train
0.9099249464264949,0.018701546621504694,0.005234049923034712,train
0.7141995652851343,0.06510267681521542,0.02023171735138021,train
0.8615716526351668,0.029359786134957377,0.013411063458535833,train
0.778504221355442,0.048843030795876596,0.002733387053098035,train
0.7589959717937989,0.05365848140982188,0.12514903080830422,train
0.8242126611197962,0.03792737720749417,0.0003759628648588308,train
0.8544220558140255,0.030976096658039576,0.0004760253149592742,train
0.8654395717530526,0.028489833173538148,0.00017774248911315898,train
0.9619214150988931,0.007734438251496001,0.0036855578208507024,train
0.5784421762371056,0.10370290201687349,0.021574290323180118,train
0.8339749511216272,0.03565906736801394,0.023562956971732593,train
0.8756188147542331,0.026215142385572987,0.009352951107624857,train
0.7492184449162397,0.05610933247753258,0.00769826879812742,train
0.8500421076635378,0.031971624361841755,0.00012333334505096018,train
0.8617999145864841,0.02930835994132075,0.0009442254884256808,train
0.7388385208055742,0.05873934366864997,0.00026406526430602895,train
0.9045738805107337,0.01985843070492599,0.0014359369911629083,train
0.8341973464740707,0.035607640866896606,0.00021942376756425717,train
0.582948568326791,0.10231070131363762,0.012894444286997674,train
0.7837397242729865,0.0475671371090004,0.0010804021882439801,train
0.7783037775805265,0.048892015278296674,0.007626157360757404,train
0.971312486553741,0.005804497063015335,0.009713240375818423,train
0.721169005946473,0.06328513827701998,0.006602071413431771,train
0.8680233450790515,0.027910435176097703,1.0541784120050914,train
0.7784056606798192,0.04886711580883518,0.0006290866073532151,train
0.8418594545312788,0.033842524032915655,0.004607995617765022,train
0.7570172474774781,0.0541524246769004,0.0018566066983206956,train
0.9469976120937904,0.010832641216218741,7.667283379213615e-05,train
0.7698873684203398,0.050957986413231016,0.007663748006233915,train
0.8043893350253025,0.042600357943190614,0.08724775656124706,train
0.7941731871787661,0.04504469851968429,1.0937827546280883,train
0.9783920375619488,0.004359436522611393,0.00010357085500482298,train
0.6954336484450059,0.0700681124214374,0.0013477198560825604,train
0.6433131278799259,0.08444490709485208,0.0006193643381184949,train
0.8341129927007787,0.035627145466236354,0.0024995269761781554,train
0.5898271595762992,0.1002021454798282,0.022277493440398116,train
0.7248737472123578,0.062324703997178266,0.0003766400264986749,train
0.7439569386032926,0.05743879691595655,0.05691918780345953,train
0.8177380274723715,0.039443668792141895,0.006015380421221428,train
0.59846143861423,0.09758306990026133,0.022318031865231295,train
0.716597316930421,0.06447577995531995,0.155421283590833,train
0.7559502432609424,0.05441920666371658,0.001487744516669117,train
0.9588580977323838,0.00836723499922698,0.0038610363318701273,train
0.6758764480243654,0.07535832765295214,0.0006775684353984109,train
0.5163577884953717,0.12382643406715788,1.4902584294969872,train
0.9914276385648273,0.001720381537389848,2.724510738540984e-05,train
0.9306299933056189,0.014275822151188833,0.040428524131204346,train
0.6095105082909676,0.09427524169365042,1.317084261456896,train
0.6279961110281431,0.08884682917664577,1.3037709514694111,train
0.7762731826200633,0.049388822262410925,1.1471642846859904,train
0.45369385975565374,0.1462070186891531,0.021885250812567654,train
0.707679768575051,0.06681584517352446,0.008999158200518295,train
0.8623600607550286,0.029182208177940816,0.018106123169386274,train
0.6280566812801152,0.08882925370217643,1.3429025992377441,train
0.8065853871791583,0.04207817118450008,1.1107792607906872,train
0.9072162163561387,0.019286483522275577,0.001021787556727153,train
0.9114269771060926,0.018377790661925686,0.0004597534585969649,train
0.6453860150018039,0.08385564475820839,0.02333622060141293,train
0.8420051237166731,0.033809090986167356,0.03855401239848806,train
0.797068155090576,0.044349499343946164,0.00024711360146740884,train
0.8677732992681672,0.027966446327684524,0.06221751707868452,train
0.8621993419060701,0.029218397319377032,1.006207315021434,train
0.808765246083647,0.04156095855517239,0.000411244088374863,train
0.6248685090609736,0.08975620374210191,1.3227251739272148,train
0.684819832065757,0.07292415478475278,1.2835736407265548,train
0.7447175358051635,0.05724614694435026,0.014110492612867894,train
0.972526353585989,0.005556128316876019,0.00018157442504106205,train
0.862785578627512,0.029086420158723314,0.0001438828530855413,train
0.5339334392222752,0.11794142947427311,0.0036701601538650565,train
0.818552906164402,0.03925230553228343,0.026986693648236436,train
0.8360210092636606,0.03518635193316,0.000694391519933076,train
0.7995396276802196,0.043757595109916836,0.00021198187948297075,train
0.9958325804480511,0.0008348767855191896,3.092328524122555e-05,train
0.5721688135490159,0.10565550825742864,0.0017380013100179858,train
0.776640474703454,0.04929888333206589,0.00047591681754453397,train
0.5554474910421261,0.11094505500944085,1.0886957659487364,train
0.7323394032787661,0.06040114176594824,0.0005142491178927813,train
0.9925901080915066,0.001486390532273285,0.0004962026940537427,train
0.8489339208187429,0.032224156831456297,0.0019325333460673108,train
0.5983149237989455,0.0976272600154261,1.2358488173897832,train
0.8271330749433816,0.03724656347662514,0.0004599579595706672,train
0.9635959960098278,0.007389197345785803,0.0029758829596574065,train
0.7360200925900976,0.05945856248284409,0.22428388968946122,train
0.6666960713994764,0.0778839543607529,0.025375011502868337,train
0.5106191068642664,0.12578266823526807,1.3761966831825934,train
0.7362439822428898,0.05940134886042148,0.02948164941535243,train
0.6552986559083565,0.08105852022494342,0.00892994515970886,train
0.9850883629560179,0.0030002767965410237,0.0003094745099884003,train
0.959026163163179,0.00833247542325255,0.03218411645080299,train
0.7522907160775164,0.05533648893273402,1.131860147178745,train
0.7585941443408772,0.05375870501307267,0.005334551436391583,train
0.9640039971284294,0.007305154293306693,0.010328709586392702,train
0.9857743047021873,0.0028614682684622306,9.749676157949205e-06,train
0.9344097178382205,0.01347642222642731,0.00016732286735437476,train
0.9158126322514273,0.017434918809448696,0.05801295318036767,train
0.8082209926714117,0.041689988379341014,0.005454123068081712,train
0.7739680570214732,0.04995405770697703,0.0008905229859495088,train
0.6893499866452419,0.07170084676817956,0.0006188356000890924,train
0.8075301732326172,0.04185386574666716,0.05101035259298477,train
0.9261936148087603,0.01521742260559178,0.02627903821953166,train
0.669841604614725,0.07701546624415256,1.3051967740797188,train
0.5317985711618506,0.11864792113827016,1.4718050610524887,train
0.9236075083218486,0.015767977424807622,0.016498421700084764,train
0.933618002867336,0.013643653006213396,0.00022319531833223243,train
0.7579206835076838,0.05392677455919426,0.023823742875472977,train
0.9379141515779356,0.012737553251182088,0.00011034622679630268,train
0.7784892151837578,0.048846697657131344,0.08412627990652458,train
0.8304245702526666,0.0364815435789706,0.10628739586655998,train
0.6613338155113694,0.07937207091267728,0.0014842251708666228,train
0.8186826155693253,0.039221859091335465,0.10203856056080231,train
0.6974076508240395,0.06954078474594416,0.011118614786678045,train
0.9449494227918327,0.011260890877806018,0.00012818835850995032,train
0.8647056472578328,0.028654664346133507,0.0011987858164750399,train
0.9553603987268157,0.00909174363608023,0.0002366887290441193,train
0.646500371743418,0.08353949062998489,0.025309325212419027,train
0.5441378626043489,0.11459536879819243,1.4335280787732838,train
0.7908375066087684,0.04584824897540385,0.08022266551082177,train
0.9866855810017326,0.0026771800608845764,0.0019592571312858353,train
0.9426890258792296,0.011734373228722506,5.576612151195129e-05,train
0.6365723793196831,0.08637166927865558,1.1434681981640198,train
0.9790547130259517,0.004224601432494812,0.00020963847690246148,train
0.9351069049829079,0.01332925201544144,0.004472627112409992,train
0.8271197282889128,0.03724967050275729,0.0005820052508232888,train
0.9174190028482592,0.017090469003855913,0.03506335578459362,train
0.7160762895105455,0.06461186073132641,0.002354467397638387,train
0.8568523076801361,0.03042547945972962,0.002568773392338205,train
0.9255739781422228,0.015349224583990573,0.02924557080216917,train
0.6706763194759572,0.07678554765910472,1.167065625054164,train
0.8458465880486374,0.0329290884852006,0.09895428535007943,train
0.966007794452143,0.006892810058482524,0.0003169416972064897,train
0.8367672225632732,0.035014179258399225,0.001483314487829429,train
0.9361238407135072,0.013114742948384106,5.629238512053306e-05,train
0.9691123731359298,0.006255294804875078,0.0025417186223248727,train
0.5046777924993285,0.12782659648307693,1.1942205916494746,train
0.6977530420930477,0.06944864097788128,0.14836375818281902,train
0.968888051929041,0.006301303639404288,9.856841185068384e-05,train
0.9745215417182274,0.005148432132745406,0.008223850509642746,train
0.6652643302701625,0.07828034698297048,0.010253686862728551,train
0.8064147742364971,0.04211869948926317,0.003153735668732063,train
0.9920633576147264,0.0015923918312777952,0.007740226311744025,train
0.9214339761566562,0.016231654153754493,0.00012860558837002147,train
0.5818215591801287,0.10265806894829033,1.3950979423831333,train
0.8070575055848261,0.04196605740604731,0.0026434044732244707,train
0.5763736430358106,0.10434486005782906,0.0030790848208803712,train
0.7414733363404036,0.05806896225720548,0.037823237824373884,train
0.5932674601842324,0.09915493089470362,0.00036531233085445686,train
0.8163465480040202,0.03977079191677213,0.1283559233913935,train
0.5761042134050071,0.1044286116905283,1.194342413902133,train
0.9386749737086757,0.012577434649062358,0.0016640696332570141,train
0.7654478911324274,0.052055030606843467,1.039252894377508,train
0.8911119220392641,0.022793266569711923,0.0037181371301670393,train
0.9179414975755039,0.01697853583263398,0.00044438520585122403,train
0.6253694457149143,0.08961030798025282,0.001132727660590129,train
0.7992646219601215,0.04382338504946426,0.032508637865164745,train
0.6473508672202141,0.0832984897831307,1.2097300287558732,train
0.9161773843000012,0.017356663600762268,0.04274324684150053,train
0.6001480674055579,0.09707499056208102,1.2186333478955595,train
0.874027997250088,0.02656923276524914,0.0010368690012651735,train
0.7670628166087055,0.051655376960582755,1.0173782424849718,train
0.8634479820753413,0.028937382181612015,1.0188469899123984,train
0.7962349549302628,0.04454937718160079,0.0034610623926887075,train
0.9136400545402708,0.01790154865539295,0.0004696207520301172,train
0.6913626949231826,0.07115940420191624,0.08948938533623953,train
0.8696155084982393,0.02755408735618725,0.003117752808450314,train
0.9055060194506379,0.019656512036242746,0.0005222333110227445,train
0.566735831197614,0.10736043124764161,0.17828349599617666,train
0.9141305071643809,0.017796130910957775,0.000965485011372565,train
0.9431531278869816,0.011637084355307303,0.007327655636645986,train
0.5361438394307507,0.11721231917051744,1.231551873678147,train
0.9448462916525688,0.011282473883236,0.031147567144400194,train
0.8597975327105827,0.029759857858162486,0.0008517337231591386,train
0.8857478929450184,0.02397256449474605,0.0003637525615504989,train
0.5375658738178438,0.11674452504045152,1.296011332077991,train
0.698818421556879,0.0691646478422272,0.0036652815426417413,train
0.7732804076332588,0.05012293568689696,0.002365057074646295,train
0.8688232438631934,0.02773134165176283,0.0017148061772924085,train
0.5232503401743677,0.12149972077102811,1.2636716608479963,train
0.8104384016737429,0.04116472682264438,0.00021485779037715982,train
0.5289771514438378,0.11958510234120612,0.1166205662105501,train
0.9655059305092973,0.006996020052934204,0.0020650724478269125,train
0.5358714988081738,0.11730202189328354,0.35933871314549853,train
0.9669767826522049,0.006693655709017476,0.002683589768094329,train
0.9759871810369967,0.004849369025771599,0.008060227586130845,train
0.7531085044187394,0.05513119619412332,0.00044125520343493555,train
0.9911038570511899,0.0017855939049297165,1.7606938502919148e-05,train
0.8706258712762149,0.027328225042469012,0.028141214824882115,train
0.9501179165122853,0.010181648368515095,0.0006704891942869226,train
0.7781586072870914,0.04892749832020393,0.01560896963176402,train
0.9429309378475439,0.011683656875842385,0.005763371114064101,train
0.8732526335355868,0.026742003171971396,8.990445825970698e-05,train
0.9774990867355569,0.004541241519982697,0.0001878291237525683,train
0.6154792884614068,0.09250824362885024,1.251318470920112,train
0.8696892636565327,0.027537592602261518,1.0638077327516249,train
0.9732049472878624,0.00541738964360694,0.002037039311475478,train
0.8351762443095466,0.035381411716125966,0.061667200777695205,train
0.9295760324738961,0.014499194627942247,0.0005478708832650864,train
0.8344679203227076,0.035545088401252256,0.0019839938998635342,train
0.840227948794232,0.034217293195858534,0.07904445345694859,train
0.6402455827708586,0.08531971551537931,0.06858077594714196,train
0.8536506528184159,0.031151133815361498,0.013566984528488852,train
0.6374440272678015,0.08612160299697147,0.0007402767686456894,train
0.7588902191902831,0.05368485405506174,0.0011873371814658475,train
0.8116316280357737,0.04088255008493269,0.0002725836005093071,train
0.6108810482681868,0.09386828661168733,0.0028777329888339154,train
0.8448740067426885,0.033151584619631747,0.09897308116549561,train
0.7822210135784754,0.04793654353516419,0.0007049727901381758,train
0.5807321687010407,0.10299435374430066,1.411754929622708,train
0.7191169217714249,0.06381882991852406,1.1801090685652293,train
0.8060603656669479,0.04220290951296701,1.0144465838176875,train
0.8808114458390188,0.025062916458323148,0.0037547506072321997,train
0.38672003292194446,0.1730498429628543,1.59314769259434,train
0.6158615755180725,0.09239553920522126,0.008731520577697964,train
0.7974983275762212,0.04424636993616404,0.005166106962874976,train
0.9868084806459453,0.0026523363790291743,6.646413727077514e-05,train
0.5648181577907952,0.1079653383912963,0.44913458234527237,train
0.6670830012023745,0.07777694566668847,0.003459486514294108,train
0.8209022278147551,0.038701450833458995,0.00035607652234442166,train
0.9601266912342845,0.008104982706053976,0.0008594131134547749,train
0.7478324798370458,0.056458808279656214,1.103790101769254,train
0.7634982074462762,0.052538428306492246,0.019007810915181902,train
0.8837129356629119,0.024421451119005955,1.081709723850236,train
0.689671997719301,0.07161413703425723,1.2028768615783567,train
0.7992495119783262,0.04382700035285758,1.0089860904038583,train
0.6043351453586084,0.09581859701542339,1.329983455880161,train
0.5887288017214524,0.10053751051057946,0.01058591250895775,train
0.5468822830661596,0.11370403764803327,0.46210601328579837,train
0.5822640109639102,0.10252163198867736,0.012630821145532095,train
0.9732367985376897,0.005410879548363723,0.004553088476349797,train
0.7080251207452973,0.06672478300204032,0.005993302900410026,train
0.856533344940324,0.030497674913135042,0.008351405732396396,train
0.4638122616611538,0.1424322406589107,1.4423224263567238,train
0.7495419830908165,0.05602782569427478,0.011704749481020103,train
0.6875103668561163,0.07219683381571218,1.2526804949647052,train
0.6493247276513502,0.08274014095978532,0.001668825627480331,train
0.9231251081486153,0.01587081178223837,0.0017260645347267948,train
0.6746112206051114,0.07570476936841641,1.0390899892965726,train
0.9661295966197225,0.006867767505255196,0.006849730404966495,train
0.7864281126825629,0.04691462368546084,0.01012582640049803,train
0.8958531144674622,0.02175561997807085,0.0015475531970994905,train
0.9861849519657291,0.0027784058485054164,1.6742407665768974e-05,train
0.7799842673679579,0.04848164887306483,0.028327385882193187,train
0.5080537535256179,0.1266628534228751,1.055188713316666,train
0.9294389027693679,0.014528272272929743,0.00012525842591907022,train
0.6543814344010198,0.08131591284615458,0.02644915883111148,train
0.9142973343558045,0.017760283435926394,0.0020613889573174587,train
0.7231367894846624,0.06277451079409302,0.0002153701986144643,train
0.740361783120743,0.05835154419901867,0.009378929327285375,train
0.8623863202493852,0.029176295827641363,0.0002294069315521351,train
0.8756310833062053,0.026212413603829643,0.0006999303708896845,train
0.5579491974878005,0.11014564252620829,1.260909295841503,train
0.8945812387326687,0.022033547787821184,0.00020089863542080977,train
0.58147077679514,0.10276629721039265,1.2943390002003479,train
0.7112433795425794,0.06587789916952991,0.0011869299498966578,train
0.8972606730387386,0.021448410753416636,0.014135358157002339,train
0.6865483199588616,0.07245663795187351,0.11965714934978634,train
0.6761499412719499,0.0752835085546284,0.0006017687616541782,train
0.962821512717941,0.0075488094153060015,2.6434411552564795e-05,train
0.9914992815121036,0.0017059543368346253,5.789695572998579e-06,train
0.7206504551848129,0.06341988449229197,0.04367994463098181,train
0.9709923867802589,0.005870033894695981,0.00013860982129102872,train
0.8969894952893734,0.02150756714159152,0.012874101383338636,train
0.5368910259652593,0.11696640021103277,0.008793732027967785,train
0.9575154151494643,0.008645106029294136,6.454508865404893e-05,train
0.957498128557994,0.008648685558258151,0.005543044866069923,train
0.7667679798359348,0.051728291423678074,0.008272428701310277,train
0.6933451876842155,0.07062732132324567,0.0006754208987034704,train
0.7632511137006679,0.05259976234467667,0.23811081648193005,train
0.9819463134841937,0.003637098218339241,0.009867063451542249,train
0.7388344494015214,0.05874038104306678,0.033429037621649164,train
0.9555463638154864,0.009053169712405551,0.00010794514643576003,train
0.6996316813550484,0.06894809407081381,0.005005797011033132,train
0.7231494268242126,0.06277123507803983,1.0600066197694116,train
0.6482130976212919,0.0830544220981353,0.0012248800602636283,train
0.8026891361042041,0.04300542243891714,1.0602201031136993,train
0.7632171418914361,0.05260819612815604,0.0011371473534559071,train
0.798288571723504,0.044057032980654665,0.07707700720406184,train
0.840462129168082,0.03416346443527318,1.0371327739000389,train
0.8151033126389883,0.04006344184595578,0.0003172968524021573,train
0.7522907160775164,0.05533648893273402,0.012482681021749514,train
0.936620665494445,0.013010012147681382,0.00010495401606953416,train
0.9867029719544967,0.002673664397515263,2.19891095992998e-05,train
0.9082007681171228,0.01907371299944538,8.876297499438686e-05,train
0.8794175138552404,0.025371690164911476,0.0006205124563223896,train
0.6721585302401326,0.0763778426951901,1.0457075394582238,train
0.5694505292377503,0.10650690582853684,1.193849086866442,train
0.7848756223548417,0.04729121897435129,0.0007348532643387582,train
0.6333396060789117,0.08730151524742158,0.04792847622920609,train
0.8084369747659128,0.04163877573217645,0.0016598064870044127,train
0.8051646996692843,0.042415858287014,0.06859936556168371,train
0.9404873643863322,0.012196426320652543,0.0002866773634311481,train
0.9211237916030376,0.016297896738842077,0.006798692804042488,train
0.968581806667109,0.006364129060638546,6.835162802581238e-05,train
0.8578175466370739,0.03020713385359952,0.000450455192469433,train
0.8987757165749514,0.02111817273177241,0.0021572594562089677,train
0.9937318619435004,0.0012567826488640854,0.0010015859697446409,train
0.6550638795477844,0.08112437620048174,0.0029298955118053473,train
0.8145761847326701,0.04018763231008671,0.007402672624737525,train
0.9557567709528562,0.009009533122565472,0.0007601604763804526,train
0.8275824981161709,0.03714196369498324,0.019944511814466097,train
0.9857854340019145,0.0028592167584724493,8.234326080322931e-05,train
0.8616086995599358,0.02935143892056169,0.060139191869659624,train
0.9507814348688833,0.010043438310504138,0.0225817266895628,train
0.7922398465406764,0.045510101876391595,0.00022487221382953514,train
0.6977119609464123,0.0694595987279304,1.143479846260612,train
0.5385542330806066,0.116419976007058,1.462760009420643,train
0.7753297019254521,0.04962000882420092,0.2319662987627295,train
0.6402455827708586,0.08531971551537931,1.217139734520434,train
0.8591828018640005,0.02989863638881962,0.000799750507747075,train
0.7391043842970119,0.058671612811184826,0.0006209708667120409,train
0.7886069676474651,0.04638708983887452,0.002232312061672641,train
0.7914912411958129,0.0456905539120408,0.00218790648412033,train
0.8805339116486127,0.025124362636034903,0.0006414801789330895,train
0.5033509900115243,0.12828566985605327,1.3892049330502125,train
0.7778717293019988,0.04899763363810139,0.00032176250254206017,train
0.7493771926907656,0.05606933670702252,0.003258910907233089,train
0.9436448312575446,0.011534051231694709,0.00022063031487642846,train
0.3254620009980865,0.20108595155276643,1.8000719123619873,train
0.921141752898594,0.01629406046263937,0.0015239471539534295,train
0.879781271296566,0.02529107551916232,0.0043866558538240424,train
0.7787908022925113,0.04877301362195818,0.15324875396303964,train
0.7917746919211515,0.04562221178767123,0.01638566647148399,train
0.9466891810132128,0.010897082711647021,0.040008152173343386,train
0.9164775034101971,0.01729229366235363,0.00382521472224907,train
0.6941845498146488,0.07040241091088983,0.023689984695192498,train
0.794034391260439,0.045078079945022,0.0006693109569620049,train
0.8437354188142808,0.03341231836745551,0.016852546685123114,train
0.6889169255278781,0.07181751067889064,0.005273330028826845,train
0.9670487898696453,0.0066788625729653495,0.00023830318702431583,train
0.6616341996086915,0.07928845451398325,0.16817215209613354,train
0.8569992814690002,0.03039221999053343,0.0006740467461837127,train
0.8465345217034043,0.03277183436598996,0.07657381767543989,train
0.8342847808311893,0.03558742562853634,1.1190244221456052,train
0.8924795480043182,0.02249349870000361,0.0001705779007889684,train
0.9169693363768372,0.0171868411387891,0.00038315291706183353,train
0.5698285734305423,0.10638830370370722,1.2900534309590106,train
0.9511810513799935,0.009960235908709425,0.00012066037321780585,train
0.9530882392896687,0.009563533451407258,5.943028693178234e-05,train
0.8697858430144638,0.02751599508986524,0.028339634693793726,train
0.7771788093376453,0.049167122623865245,0.006924545261620118,train
0.7410972773052144,0.0581645270046266,0.0025011276248329073,train
0.8187476024122249,0.03920660630484951,0.013334456235555065,train
0.6476829702501282,0.08320445209491945,1.207782108905522,train
0.9742784549474668,0.0051980686729021786,0.0003019357847583497,train
0.6207197853616344,0.09096811284107598,1.2552402749728466,train
0.8475228669048411,0.032546088299939546,0.00011143044560382724,train
0.8595333590020185,0.02981948665062817,0.07491513768941431,train
0.8731150447330438,0.02677267421433782,0.004895928195283986,train
0.9286223730989186,0.014701484265211118,0.00016517020166870435,train
0.8200447812963616,0.03890235336838899,0.0018383001986363343,train
0.913848692050852,0.01785669863790995,0.00024244811373716116,train
0.8335773251773009,0.035751041383051185,0.004977420604896445,train
0.8951266037451447,0.02191433699904377,0.013307762577796424,train
0.9321109394528729,0.01396229774219282,0.041625122695860994,train
0.7829904950113734,0.04774930564600399,1.0448201300476403,train
0.7770066140902274,0.049209260523957354,0.17975634245607286,train
0.8321644393172511,0.0360781372120188,0.0048124888735588565,train
0.6490490148316961,0.08281805059616298,0.0024074391650205384,train
0.7719181819241642,0.050457836115358035,0.028668277676343404,train
0.9709550329006562,0.005877682807912232,5.3308861188937584e-05,train
0.7178940397171993,0.06413744811479238,1.2114201748301645,train
0.7277572565964805,0.06157988366304179,0.172992381082093,train
0.9641851122617708,0.007267855993752459,0.009283160292562173,train
0.8530651960526657,0.03128406285175089,0.0001869998841443452,train
0.9487992998797823,0.010456543954436182,0.0003781294721243135,train
0.9916633899041735,0.0016729099184820129,1.034166930551656e-05,train
0.915394198280254,0.017524721844376923,0.0003286845196950642,train
0.9740757705847286,0.005239462911911796,0.002957095987461311,train
0.7348231215146559,0.059764677483631456,0.00021453501301815827,train
0.9904810846311948,0.0019110735319300964,0.0011340280565052593,train
0.9388878086633298,0.012532661115107646,0.004782137547016566,train
0.5620731061849732,0.10883409778672082,1.3664110110674064,train
0.8081856244054787,0.04169837577757629,0.0002887391221427436,train
0.9009306330305636,0.020649226273622534,1.0185942699281463,train
0.8568799406337323,0.03041922590543844,0.0003525480919122578,train
0.9443348829794042,0.01138952795779924,0.000413819043350328,train
0.777851645748154,0.04900254439748852,0.00045177345439452774,train
0.7101221270565923,0.06617260780289769,0.05395822706819667,train
0.909064110719227,0.018887288665126234,1.0108076236896157,train
0.9434869104532063,0.011567137787776072,1.0210587575173626,train
0.5573779283346838,0.11032793678106956,0.0738915964128579,train
0.836837062626284,0.034998071452355894,0.017917854673608916,train
0.7243644274107728,0.06245650926078006,0.10651414145628213,train
0.9618230214418678,0.00775473858596365,1.0251904949279051,train
0.8813537230112867,0.02494290076602479,0.030479498601967643,train
0.8017477198147976,0.043230005828878704,1.0827569096584801,train
0.7405227525512912,0.0583106011253568,0.023690492228691656,train
0.8308026302290995,0.03639382906248956,0.1812396456734183,train
0.8893709547840409,0.023175399490300896,0.000224036414123027,train
0.714067784810901,0.06513717986242762,0.055527773492631306,train
0.9067075075188491,0.01939649248404296,1.0049626271968657,train
0.8211956237580036,0.03863274574963371,0.00018235783282288166,train
0.6252464538104567,0.08964612021008356,0.1280402005117831,train
0.7575563257474939,0.05401775384853036,1.0033468510369954,train
0.9878970032645689,0.0024324037752644356,8.069250590442033e-06,train
0.9519937691681843,0.009791109732493086,0.009921599254247735,train
0.968599620887245,0.006360474084301515,0.00013088315093631644,train
0.9806418338400726,0.0039019653127746468,0.002072515711422623,train
0.8944161356071607,0.022069648978454204,0.009224854617290898,train
0.9261936148087603,0.01521742260559178,0.0019579626767393292,train
0.49415300619011504,0.1314950693579019,0.07746801605357607,train
0.8202969810626619,0.03884324469655853,0.05286695007202022,train
0.7300247080552806,0.0609958495905536,0.15222141730910654,train
0.7324889736568537,0.06036276483956304,0.0029392544021427797,train
0.31355567711734034,0.20701872242667485,1.2159912878235464,train
0.8192778054403358,0.03908220077085489,0.0024390509960283096,train
0.7343080267115295,0.05989653130467931,0.004471154937921446,train
0.7053150505080076,0.06744032900432417,0.0027364737589405477,train
0.5895661283925911,0.10028180165856593,0.26216977671957714,train
0.9140426187631034,0.01781501829019594,0.0002631947113597913,train
0.9256426829436583,0.015334607010670465,0.02087807739225439,train
0.8300676822721385,0.03656437525249623,0.08817656129820399,train
0.6495160702981712,0.08268608780651687,0.078380174327091,train
0.37398776058032346,0.17856826386290037,1.6598200582799503,train
0.796644041850242,0.044451219709755074,0.0023908828866777898,train
0.7909013095872826,0.045832853711859745,0.002087502643567882,train
0.649431559769459,0.08270995995449304,1.2758016523818034,train
0.79546407802361,0.04473445326072634,0.1037334934855005,train
0.9515010262321691,0.009893635505208609,0.00016438488157313942,train
0.8059850479551897,0.04222080935884909,0.027772005454058366,train
0.927294430317114,0.014983443682966335,5.352406201683137e-05,train
0.7467005109297875,0.056744622705395265,1.223418794840222,train
0.8074395173804803,0.04187537960657084,0.008706155136635453,train
0.49272035841090417,0.13199924806546415,1.1114596159823107,train
0.9700699622393271,0.006058986670375299,9.839088855804049e-05,train
0.8731919533688973,0.026755529406369716,0.0007003752719231467,train
0.929414162575878,0.014533518668522927,0.0003103384673979019,train
0.9714552929577861,0.005775264630045296,0.0003602902385657249,train
0.8622482693289942,0.02920737973640719,0.0005445223809681722,train
0.7829695094650607,0.04775441010523207,0.11672254041411258,train
0.9517520731533845,0.00984139448410215,0.012950266009201548,train
0.7306905724477434,0.06082461663721306,0.0012304031647201092,train
0.6700255042198624,0.07696479221814612,1.2525771848775284,train
0.6932646322041947,0.07064891793720096,0.0004735853726310198,train
0.9890343584753821,0.002202811709557828,1.2319895306911304e-05,train
0.9436992625055814,0.01152264817153903,9.48711406688784e-05,train
0.8470055059033028,0.03266423146858177,0.003326701430081042,train
0.7215527651273972,0.06318546776031209,0.0064635962343580905,train
0.7610044555673005,0.053158161790370695,0.000191106652205821,train
0.9495886580914419,0.01029194761773966,0.00011505291649170522,train
0.5701249959582144,0.10629535240216359,1.2944049047246486,train
0.7303705409414073,0.06090689999904575,0.08870335263102692,train
0.9718717769571247,0.005690030094709475,0.02666078645865745,train
0.9713837243739746,0.00578991427038511,0.01255061316155082,train
0.5478438617301109,0.11339258322783574,1.0184574209707724,train
0.6469045922512445,0.08342491698571997,0.0009612216322520405,train
0.7277361647333149,0.06158532318507115,0.045031046734086526,train
0.8157342354865917,0.03991488191086645,0.006405140988431443,train
0.5961720919164522,0.09827454760517851,0.000605485124892827,train
0.669972605294999,0.07697936751769963,0.0007401324514471195,train
0.47549809646877067,0.13815382890082062,0.04796340296048259,train
0.912995600922314,0.018040136176524446,0.007558655341056891,train
0.77624949698059,0.049394623340934696,1.1853409229894634,train
0.6311042191924842,0.08794670488696665,1.2661879879499538,train
0.6772535888864344,0.07498183124493096,0.0011628745858154484,train
0.9674478181910937,0.006596902310620156,0.008847344481550262,train
0.8241317454791839,0.03794626790971889,0.06681219559585949,train
0.7380332653625344,0.05894460798500367,0.000830175301437224,train
0.9892191200494085,0.0021655347831669447,0.004982652362804103,train
0.8243688469760275,0.03789091798888755,0.00034532067495954565,train
0.5386896614964856,0.11637554229879465,1.2275854948492104,train
0.6462121335131625,0.08362122486833479,0.007876808764872272,train
0.8551173158655361,0.030818445197030253,0.08919586881314501,train
0.7854139991662528,0.04716055479590198,0.000929424297567379,train
0.9487831403252234,0.010459914675811643,0.0073589897509994595,train
0.6705989055063147,0.07680686136693815,1.0941588714794908,train
0.8103561953081777,0.04118417939575458,0.0022776315087385587,train
0.9877819614970467,0.0024556384414597954,1.109253865040488e-05,train
0.8343539405385592,0.03557143677642549,0.0007822438564306092,train
0.5771534464837944,0.1041026361800067,0.3298223883419508,train
0.8272535499777781,0.03721851938073195,0.01022846849507581,train
0.7140828994348554,0.06513322226046303,0.0010170716796463971,train
0.8850298039227099,0.024130871838608403,0.0009506369445627742,train
0.9384696519387082,0.012620635351194176,0.03641302096459171,train
0.9017684881515381,0.020467137007522895,0.015562331395355093,train
0.93759861317725,0.012803990279063315,0.00013777621952189872,train
0.7788802479143108,0.04875116457584594,0.0001785035336217333,train
0.6550687818756581,0.08112300087931412,0.003305741930052129,train
0.4662184341697226,0.14154430065153034,0.002778616370302457,train
0.6724785001330315,0.07628992444006888,0.0068587431350780135,train
0.6934879938279788,0.07058904047910364,0.2936594999565165,train
0.6270061453484702,0.08913427671275487,1.0344434062814853,train
0.7977081666521513,0.044196079334451355,1.1051865035911856,train
0.5952979665491703,0.0985391301964832,0.012217283990942279,train
0.9001312907607347,0.020823071942854043,0.00011789418536067411,train
0.8593604265919554,0.029858528569451148,0.00036291467804723646,train
0.6475752142817034,0.0832349598499954,1.2340574793546908,train
0.9047264769758371,0.019825364075292673,0.014835129335009545,train
0.5899378301856821,0.10016838179083931,1.1495874338425272,train
0.6938861722309964,0.07048233743277554,1.225594068189109,train
0.9094964314513819,0.018793989480169415,0.0005167989359359604,train
0.9397573572582086,0.01234982075637392,0.00020159065468122094,train
0.6653833540016527,0.07824736801289223,0.21141902252888228,train
0.7685162243764743,0.05129627000106474,0.010513816299110097,train
0.8575816101367867,0.030260486623744143,0.0022701044713198,train
0.957470254090961,0.008654457624123757,5.378978762394829e-05,train
0.8866463280182186,0.02377464323052525,0.00458702274667445,train
0.9850920888354285,0.0029995226113814777,0.0005289181133994118,train
0.933375219208184,0.013694957954429432,0.00825127537678176,train
0.9392122801851237,0.012464418510461872,0.00048257218265945165,train
0.6834495574472523,0.07329545433330975,0.0014577191338481486,train
0.938953930998671,0.012518752785136589,0.0002369123362570512,train
0.7033401861577776,0.06796314359084366,0.1808048158486599,train
0.7946154832065468,0.04493835424049153,0.0018088995862485557,train
0.22957398529943074,0.25495151715834474,1.854905190997422,train
0.9108664298876947,0.018498564136469886,0.0009931137343808642,train
0.9376242470084679,0.012798592374501538,0.0013443961399281562,train
0.8941041861149661,0.02213787392044675,0.00027865199874084885,train
0.9239795012961761,0.015688708162974963,0.006877857571673647,train
0.9602981889237152,0.008069550808860848,5.4254305091768546e-05,train
0.9932974735123824,0.0013441137275479464,6.07215170620394e-05,train
0.9710490105535176,0.005858439555226025,2.5685543764128724e-05,train
0.8016223482049574,0.04325993027893671,1.150878578109317,train
0.8492203627498238,0.0321588574793743,0.0034149655153205157,train
0.8191326743497284,0.0391162475691712,0.0378807635983326,train
0.8127498938146565,0.040618401283754046,0.013549628204270383,train
0.6688910588672894,0.07727756923708473,0.004617377856838958,train
0.6429250732374658,0.08455538864572787,0.003906886286386708,train
0.9711236512659257,0.005843156875955602,0.010968014457604952,train
0.7358595506379575,0.05949959656219195,0.0021020663385951533,train
0.7776196124546451,0.049059287712797106,0.004765824759988824,train
0.9747784506176113,0.005095983979875096,0.00024068232875813618,train
0.7458208661185693,0.056966966455107015,0.001139195179242868,train
0.9419263898192473,0.01189432651021638,0.0003268557515051606,train
0.48615967232936386,0.13432318510079155,1.2677637001189297,train
0.9201068358878919,0.01651520163566389,0.0005731333745210405,train
0.7223251795720785,0.06298498361993377,0.007220108614853341,train
0.7121818377519836,0.06563152155222818,0.0044054514401165425,train
0.48841894646171513,0.13352008444810404,1.4408063620871243,train
0.9496952751406159,0.010269724308198502,0.002743652804960667,train
0.9786053600127343,0.004316023666438573,0.00045770242023445275,train
0.7419757922045275,0.05794133783258515,1.090153469079731,train
0.9930007664265336,0.0014037823960049156,0.000644980705192387,train
0.6152186695685807,0.09258511041234552,0.038303776629441476,train
0.7473450858065014,0.056581829488833946,0.14849425933754284,train
0.6529449448801666,0.08171960411887524,0.0007581408609992523,train
0.7550954254629602,0.054633153322871886,1.011557305342962,train
0.7115124439455167,0.06580723391248144,1.2061829482233106,train
0.8324817070636322,0.03600464820556304,0.006208561718965553,train
0.938546593853726,0.012604445511129714,0.005246961447435283,train
0.9649770848673382,0.007104825375759738,0.006403701689185403,train
0.9661432159521884,0.006864967524416787,0.0017646599960530005,train
0.6639976485842909,0.07863161055393875,0.35150131163054643,train
0.6495576979194186,0.08267432993971224,0.04067454960614688,train
0.9194241178654305,0.016661193849412892,0.00835361202178875,train
0.8531052966139373,0.03127495561761018,0.0003399310852644176,train
0.80629836220598,0.042146356558594444,0.003644219152569421,train
0.660495748442707,0.07960552014004396,1.213306458571154,train
0.8559770800331571,0.030623633879090395,0.004744500519826455,train
0.9372376397573537,0.012880015649670895,5.436860458682846e-05,train
0.7534458383394051,0.05504656583768286,0.0005243118367638282,train
0.5210753380530762,0.12223127304361259,1.2495056437953849,train
0.8406884796696692,0.03411144685362444,0.0007184914071125073,train
0.674327301966938,0.07578258272941052,0.15978052230176684,train
0.9248179611946958,0.0155101314434275,0.005879474165458266,train
0.8505079415857814,0.03186554923096485,0.0001263465340037054,train
0.9626378596239402,0.007586673263910271,0.0002253531219181598,train
0.7321406183108853,0.060452155929823004,1.091058578777774,train
0.6122157427748174,0.09347267655065328,1.1016276579909676,train
0.6975358091590276,0.06950659030044992,0.0002923581480874743,train
0.993157956182161,0.001372169297097714,3.774333186073015e-05,train
0.9648946017519093,0.00712179984880057,0.01181966809468822,train
0.6912698297285067,0.07118435828122671,1.0877631096381657,train
0.9563173262931893,0.008893316373964288,0.004631271830760057,train
0.7617201153499519,0.052980143943915925,0.016886036952179957,train
0.9737787327277541,0.0053001394210094865,4.7166270195418227e-05,train
0.7920448016181266,0.045557104496927514,0.01594144805628986,train
0.6382710117572784,0.08588460293479505,0.000406993905827667,train
0.9250979336735663,0.015450531238917375,0.002719639570329032,train
0.9717248561828674,0.0057200944773834195,8.546416820439711e-05,train
0.9698407911162825,0.006105953201634873,0.0021896067118986244,train
0.7405910521720198,0.058293231056477435,1.2136440245653457,train
0.957647780655457,0.008617698859705869,7.021304988903613e-05,train
0.8018820845080604,0.04319793901119884,0.0012669116847309242,train
0.6470890377690839,0.08337265614528278,1.3261524093223065,train
0.8495918209678925,0.032074203442197025,0.001836154134835765,train
0.9353234390353449,0.013283561404429212,0.009067304468634383,train
0.5355252043254473,0.11741613599892298,1.2865374674826593,train
0.847970094340979,0.032444007128555,0.11714644471876953,train
0.5020853532634593,0.1287244829416253,0.0011943859738289522,train
0.7976962395830957,0.044198937524456694,0.0002671163060964833,train
0.7803047279085753,0.048403474479435715,0.00028677785932199924,train
0.9093346316868942,0.018828903349963677,0.002827888508181945,train
0.515421095024653,0.12414454768644911,1.4567857527376749,train
0.6429278373164246,0.08455460150677752,1.190526637638167,train
0.9816485473093329,0.0036975331238094933,1.9984723903959733e-05,train
0.6029366716694933,0.09623745266928607,1.1020576702788762,train
0.4661302929948078,0.14157676226653015,1.146909833552103,train
0.8047839108187506,0.04250645002903641,1.0026039688765245,train
0.46214252105151415,0.14305058660444048,0.02842013685520414,train
0.9741754830127669,0.005219097776008819,0.001322841639919346,train
0.7886305359522591,0.0463813899726615,1.137518172973346,train
0.6905875650633783,0.07136777390011206,0.010076568667590907,train
0.6357733480841,0.08660114338207547,0.0012361190129377758,train
0.5672847927656081,0.10718756938217999,1.312149443955253,train
0.7324314600560141,0.06037752099841509,0.13243047984851303,train
0.7992716602431514,0.04382170104700678,0.003714947979362345,train
0.9259803978158675,0.015262767707097669,0.008894873467991808,train
0.8049008630218051,0.042478622814835165,0.0007130348964788769,train
0.6597567904482489,0.07981155853958588,0.037470787466938944,train
0.7438280745184942,0.05747145222084926,0.0353211827945266,train
0.6561432093566324,0.0808217746119696,0.30339500520707485,train
0.6332559029700331,0.08732564124202469,0.007643906091816079,train
0.8612779115704987,0.029425980462404078,0.034505561789294203,train
0.9169280848680449,0.017195684020143265,0.00013204896998106488,train
0.7931822479373469,0.04528312896671838,0.002169562420864349,train
0.8620840250641598,0.029244366594163962,0.0062682636001552055,train
0.8872596012463447,0.023639633974909646,0.005535696645469529,train
0.6105591093362612,0.0939638144043845,1.2602978027126839,train
0.7025875648002193,0.06816269746230064,1.272435154256489,train
0.8883126268312048,0.023407989323385725,0.002193376766316979,train
0.7978221398647408,0.044168768640440614,0.038004467600362045,train
0.9238776513802331,0.015710409173177897,0.0022385941161928435,train
0.9872863447064772,0.0025557615474788298,0.00024309565465161469,train
0.666808193224345,0.07785294101482199,0.222468853171617,train
0.7759878217712667,0.04945872216748437,0.001119302011550067,train
0.8821438018757266,0.024768147792764483,0.019509423844784515,train
0.5521032056491252,0.11201822219030899,1.3799316107036501,train
0.5462180674496993,0.11391943238429736,0.0050768386045015376,train
0.6703734570243539,0.07686894333110594,0.051658899000951705,train
0.859318206893985,0.0298680612133998,0.0004828283844508572,train
0.79068282949155,0.04588557573055785,0.0010477886121295758,train
0.5005088484020651,0.12927231748545276,0.5772995041954176,train
0.9339172993650785,0.013580420474032073,0.0005677166240606516,train
0.3899276237515945,0.17168256912359137,1.5872995317189642,train
0.3384783257435299,0.19479553803578542,1.6229433673529499,train
0.37088043152051003,0.17993781896259442,1.1234182629622782,train
0.7310906405632459,0.06072179558598534,1.0866423618162169,train
0.7492752202119902,0.05609502742462158,0.2671617614475793,train
0.8870610249986818,0.023683341439305727,0.04834330181724655,train
0.8045950575278283,0.04255139197710078,0.015258230453621903,train
0.9898491264799716,0.0020384684877008397,0.00038045315884426576,train
0.7862555901599684,0.04695644394117726,0.0025677068326673347,train
0.964138895807051,0.0072773731371524875,0.007747866344837482,train
0.9861518391109202,0.0027851026242563526,0.010419993278844826,train
0.7545570196093436,0.054768006815406056,0.00323515865663876,train
0.8091010789195402,0.04148137505333194,0.0009224529268407898,train
0.7590101453396538,0.05365494702618412,0.004685511301709052,train
0.7661854720799957,0.0518724141753516,0.07838407549173333,train
0.6792010373574011,0.07445046254932997,0.011576572343666677,train
0.6812067319160726,0.07390447375156328,1.093119546278431,train
0.7874465122604031,0.04666790835325907,0.00016373241197537044,train
0.6819749043309834,0.07369570295354211,0.006187708320065153,train
0.9901235304502174,0.001983144047184471,0.0017693268463468718,train
0.9562331682572406,0.00891076090327747,0.0006379556794298564,train
0.9565198578931035,0.00885134005199284,0.011109889542193309,train
0.6960848878668805,0.06989401052555766,0.0013419272867654134,train
0.8361204121189465,0.03516340976557131,1.0044924309653325,train
0.8725216115526061,0.026905005565561524,0.0979681370855719,train
0.6556527036491361,0.0809592437004989,0.057883685093925843,train
0.7489482476247695,0.05617742303295359,0.001013896521872895,train
0.9468775988551509,0.01085771397142854,0.0014104984039469404,train
0.7839412616540267,0.047518158837778546,1.1120495510162591,train
0.8325974310988293,0.035977848522516176,0.0017412349522845174,train
0.7381904449552937,0.058904527920534466,0.0031782133884173188,train
0.7173478446773418,0.06427989786083188,0.00037714741047568733,train
0.9706765400908879,0.005934716898467807,0.0011415721614300995,train
0.8457350133421502,0.03295460288658336,0.00034681498932049876,train
0.7868484387092509,0.0468127654317535,0.00041685201310114555,train
0.9171841887529998,0.017140789445144633,0.05371408067667376,train
0.6170347603948153,0.09205001435051963,1.249384960214068,train
0.8046171350189211,0.04254613769896021,0.10499004256710084,train
0.7223541934090305,0.06297745627217277,0.015250299506411429,train
0.945121675360111,0.011224846528810173,0.01566143382899283,train
0.8780076732198149,0.025684386366779388,0.0003570668907779066,train
0.6386326291583178,0.08578104656423702,0.0022105273389998507,train
0.5622672152931562,0.10877255435901056,1.4036164681041938,train
0.8521042083565405,0.03150241518012087,0.00020147449157830228,train
0.7889523110193005,0.04630358405207846,0.11499721474335702,train
0.7021333970213702,0.06828320057695003,0.001014243261384969,train
0.917190526907781,0.01713943104916238,0.0005326528957070351,train
0.9523582530606826,0.009715298326461674,0.0001948811082563248,train
0.5531512056967238,0.11168136518554117,0.028712050904398965,train
0.46435709082929927,0.1422308623920694,1.4781583702805867,train
0.873172640836304,0.026759834526629556,0.012697985300547988,train
0.9450500323047557,0.01123983740732204,0.00020388059291880212,train
0.6875054239296726,0.07219816792679312,0.01743837087541184,train
0.9841389860030502,0.0031925222218402993,0.0015105596858141857,train
0.9287240463235796,0.014679909490966425,0.0021143039601625134,train
0.9794184146393172,0.004150629812524453,0.0029172660087635996,train
0.8147843470504746,0.04013858193247366,0.04563801941087362,train
0.8593021519822462,0.029871686296384925,0.00024076819727592353,train
0.9230262236321688,0.01589189653186518,0.012449244033872825,train
0.6703734570243539,0.07686894333110594,0.0008349376245604521,train
0.6992930391125072,0.06903824280935844,0.14821469207646298,train
0.9481859575575151,0.010584513247765437,0.00133142064098112,train
0.9287094621168412,0.014683004102810648,0.00020768280880565534,train
0.8026416667688228,0.04301674163315039,0.004713161976001852,train
0.8288366514289122,0.03685030932538269,0.0006357652741439746,train
0.9769703330633985,0.004648958530674374,0.0007149721575243321,train
0.8284498705985108,0.036940217847839074,0.0026880167980486746,train
0.7864646710597966,0.04690576270852442,1.0225234965694123,train
0.6814747937233725,0.07383159961148333,1.0344904452713504,train
0.7542985973482781,0.05483276069153209,0.0029359094829697367,train
0.8037186083276995,0.04276007358313394,0.012272402602467756,train
0.7150214745399504,0.06488759763293994,0.00024043761825074005,train
0.8832438297932252,0.024525047391213417,0.05753245695601467,train
0.5388234105226881,0.11633166836410336,0.006479563228867525,train
0.8964019390999536,0.021635789374633396,0.013010810873199358,train
0.9279880431799611,0.01483612999176609,0.0009137967880511553,train
0.6286586280359802,0.08865466241382103,0.29997381900355313,train
0.8240841048787843,0.037957390858806894,0.07951604606968671,train
0.6177225162189884,0.09184770170645018,1.3446067728032916,train
0.9785582371410235,0.004325612903111953,0.013747499642039186,train
0.8037481694606519,0.0427530321434717,0.07776885127551324,train
0.6274509373681405,0.08900508152255293,0.005728174960815191,train
0.9403977864064842,0.012215243972718115,0.0001486233681834992,train
0.9084251762604032,0.019025242198477677,0.0004316410283587348,train
0.9171841887529998,0.017140789445144633,0.0007063651378605983,train
0.8960730852131228,0.021707584421696624,0.0008934106159546359,train
0.5704540332667347,0.1061922191200313,1.3931568349136514,train
0.945633614357388,0.011117752821242277,0.003086602525176705,train
0.9181560296870016,0.016932591737315095,0.000425073844379016,train
0.6843533610082241,0.07305048638492218,1.1237217819075174,train
0.43068056020699086,0.15504991523782075,1.2995005430219904,train
0.5992062378734297,0.09735856583702529,0.2350908657694249,train
0.7995948012426838,0.04374439805451302,0.04579820054046725,train
0.7449499460989603,0.05718731165626123,0.02914443894317685,train
0.9297750542013602,0.014456999203155574,0.007333301858908572,train
0.629396659523347,0.08844078292517354,1.1919566681579492,train
0.9641706932857986,0.007270825188438246,7.185870976307625e-05,train
0.6328726236853104,0.08743614756137896,0.4025901547918739,train
0.8243318391129716,0.03789955641346354,0.0337718766892469,train
0.8437892585997704,0.033399982854684596,0.00033750954470602133,train
0.9219029547443395,0.016131533602060988,0.001161886707869546,train
0.6618909963722576,0.07921699537626148,1.2118142824288365,train
0.7780012627929749,0.048965963004689916,0.0006745192138890289,train
0.3505963682180045,0.18911086276839562,1.753774849745904,train
0.7263295921791314,0.061948358597993525,1.24650886282371,train
0.8163061528555848,0.03978029507918712,0.04175691980010118,train
0.6638071934215174,0.07868447203728912,0.2764038034575997,train
0.8789771216289557,0.025469324048118525,1.03668520420419,train
0.7849637296258963,0.04726983041302402,0.0019270201272440193,train
0.744912844102356,0.05719670314094749,0.12034546998002735,train
0.7420628726907372,0.057919226309183,0.010264810359633876,train
0.8348838402911063,0.03544896580721535,0.000549203069286145,train
0.6646747948625091,0.07844376445827783,0.0004844955023545419,train
0.8137136130015933,0.04039099153644499,1.106384248493863,train
0.46806027966246955,0.14086708586890107,1.0475365892754573,train
0.9032717322931053,0.020140779146747945,0.008707363670275668,train
0.7406531804778488,0.05827743159932319,0.03442848797605808,train
0.685917071119952,0.07262726720314938,0.06932503390854393,train
0.8784766874087754,0.025580316607187625,0.009026275438186054,train
0.8600080669901049,0.029712346950733992,0.0005924220959107675,train
0.9637832065134662,0.007350630824236037,0.00025022777397844763,train
0.968581806667109,0.006364129060638546,0.0009178029423744945,train
0.811367363346349,0.04094501534211126,1.0763168756871442,train
0.49414477442598365,0.13149796294563088,1.525809002629646,train
0.742296772267509,0.057859844678479266,0.00032153075208539553,train
0.49365894967679874,0.13166880592052888,1.5230284681676467,train
0.6705087091903893,0.0768316968086783,1.0416297327562447,train
0.7644289491410818,0.052307540456008605,0.02387042476809199,train
0.6896028385635096,0.07163275717783335,1.189261361543265,train
0.7517073011192698,0.05548305510866014,0.009552858189105302,train
0.8123457503868972,0.040713831603347184,0.0190344241210604,train
0.9418910104838296,0.011901749393292027,4.039407619235723e-05,train
0.7177019824728592,0.06418752748865353,0.0005150967777884745,train
0.782115985447926,0.04796211145372087,0.012408011558323953,train
0.9343988747192726,0.013478711809240318,0.0011291302485410314,train
0.9528614839125513,0.009610666164084458,0.00010118118353141071,train
0.7187294271890188,0.06391974350738305,0.08859669755475721,train
0.6087230090540843,0.0945094054855008,0.024815249800804604,train
0.9230206334582023,0.015893088556248935,0.003292157333590493,train
0.8536283119634814,0.03115620500894456,0.00033269595784298585,train
0.8379377010524311,0.03474436379114343,0.0002252196766658292,train
0.8166663914686182,0.039695560407156605,0.0006287987795953238,train
0.8832697662796684,0.024519318487176478,0.00016806469346776238,train
0.3254620009980865,0.20108595155276643,1.4863967551015929,train
0.7223458612373317,0.06297961794543883,0.1377930200717165,train
0.839017836410863,0.03449564134509464,0.1285805413961597,train
0.9857202945845247,0.00287239505961423,3.6566191582468926e-05,train
0.5589435306949869,0.10982870267649003,1.2181206003078968,train
0.9637308745033846,0.007361410938424906,0.00032740994032914476,train
0.9638417563515561,0.007338570425756141,2.4593074558260068e-05,train
0.5335898054215871,0.11805499538978681,1.3058804273221276,train
0.7297318041184082,0.061071212016182486,0.023190466680061608,train
0.9014255648578677,0.020541647427138265,0.0006534587777911074,train
0.774232676222325,0.04988910256539547,1.0494162146683168,train
0.739831565139076,0.05848645716781953,0.16886778357449733,train
0.4524884655032165,0.14666118071998402,0.728717513326689,train
0.9216916248493147,0.016176644616433644,0.0012913729060507009,train
0.775143214421216,0.04966573157839316,0.11049950362640507,train
0.5757760817392014,0.10453065305675757,1.2368651013935663,train
0.7997487035693286,0.04370758975299649,0.009993632939638541,train
0.826983027330173,0.03728149602692621,0.009728517196193198,train
0.774851173622137,0.04973735143107805,0.0003371414879769246,train
0.6486934318183223,0.08291856867933001,1.3231494457232642,train
0.8226388937522446,0.03829505809889333,0.00048812250228446745,train
0.8701635116996828,0.027431557527407557,0.000161710120223259,train
0.939122079454576,0.012483387566740833,1.0180439192154846,train
0.9394277257916295,0.012419116572342737,6.57275665667071e-05,train
0.7518899255879444,0.05543716619820349,0.027127815333718986,train
0.43256175313155965,0.15431306089428676,1.5991270120452856,train
0.5108588695102367,0.1257005854065204,1.241810563034461,train
0.8975276881398861,0.021390176404719408,0.00047421507410403134,train
0.9880967949652414,0.0023920575438466374,0.0005312579300846961,train
0.8978998382253318,0.02130903587916666,0.08662106909151228,train
0.6222175835800913,0.0905298364700331,1.2202729692379126,train
0.9576390575453207,0.008619504945133971,0.0010281615649671803,train
0.8700644213519557,0.027453708889520367,0.0002127224884129346,train
0.7053221491093595,0.06743845187361874,0.09959583968956733,train
0.8977267304736213,0.02134677551375741,0.003609062340695046,train
0.8381891759393395,0.034686433847772924,0.012430229834050137,train
0.8567681240703012,0.030444531865908675,0.018441895686374388,train
0.9856851086215707,0.0028795137922046354,0.0012371578181114627,train
0.5229842910898482,0.1215890744615512,0.17063092556028867,train
0.9343988747192726,0.013478711809240318,0.008448501916733544,train
0.7554566939857343,0.05454271019994772,0.0009418620087671793,train
0.9321824930413258,0.01394715955067305,4.587911484214039e-05,train
0.6626804400925878,0.07899745475175657,0.20085756538931132,train
0.7211020377104231,0.06330253571691247,1.1296706619381047,train
0.9579014570680978,0.008565181918178677,0.000151389751224577,train
0.5823103161947127,0.10250735783802611,0.0005210416948032179,train
0.9926752246749897,0.0014692662125305178,8.949306440138122e-06,train
0.9665366335174566,0.0067840989461457335,0.0007094885453108109,train
0.953695708296072,0.009437310904865215,0.019191451736034367,train
0.940332192219872,0.012229024257273124,0.0038417147935390066,train
0.8093979536673656,0.041411045590805995,0.0008222889722680008,train
0.7466315105679401,0.05676205603167572,0.0006320930255804561,train
0.457402978780861,0.14481554545139652,0.0007620711480063063,train
0.6274509373681405,0.08900508152255293,0.01990331090579183,train
0.853610645793941,0.031160215161885718,0.0044719738140301035,train
0.9326364007803385,0.013851150481920205,0.0002450842845770825,train
0.9322475467815574,0.013933397302342998,0.006742791220297291,train
0.6195628777033634,0.09130721943940967,1.0851364684495388,train
0.8551173158655361,0.030818445197030253,0.06830995860081106,train
0.768211845929833,0.05137143060709004,0.08863371712130672,train
0.9554856813233399,0.009065756155742344,0.000993479818033986,train
0.910668326503903,0.01854126099449005,0.00024417971552553446,train
0.7875978731893044,0.04663126176573851,1.0765996053689288,train
0.8569992814690002,0.03039221999053343,0.023249598055891465,train
0.4899518618198965,0.13297687209880815,1.5257750652899564,train
0.6666974356219918,0.07788357698626536,0.0015287443555128503,train
0.9865956029980067,0.002695370331756042,0.0001132623462516973,train
0.6956526915033721,0.07000953905024143,1.226128195215273,train
0.8019113238453102,0.04319096146408863,0.017275541841270944,train
0.9283546493189543,0.01475830354421348,0.00012038091894396114,train
0.8104176328570656,0.04116964121912525,0.039892419531644484,train
0.5927219329479243,0.09932066267996398,0.0015170443893231557,train
0.9840829161451992,0.0032038808059715596,0.00019823247718727682,train
0.8227446887906893,0.038270323460498745,0.011504845962760855,train
0.8395697447452681,0.034368652448005466,0.0007560001272047727,train
0.7132163592315536,0.06536022479965731,0.001580313969118129,train
0.8553754056835448,0.030759948966462725,0.015990189617470535,train
0.9648946017519093,0.00712179984880057,0.00045072555653452546,train
0.7691574812708227,0.051138001420522494,1.1161578064568336,train
0.9693489162168525,0.006206788461509127,0.00018328723436682873,train
0.7783996358249358,0.04886858816589357,0.0018698514197999568,train
0.5823628681189619,0.10249115916816864,0.001617194997926966,train
0.6932978519963793,0.07064001159562505,1.0210653542378725,train
0.7059975713342975,0.0672599145438243,0.1938396433472778,train
0.5169357591512758,0.12363037775001684,1.4905596571210862,train
0.9268360869680651,0.015080837792375346,0.0007191457187501907,train
0.6305724315844996,0.08810046148839301,0.3570860060336941,train
0.7376639156351782,0.05903881732979688,1.1749532436784964,train
0.9338878060184074,0.013586650829150781,0.03817128952980824,train
0.9545439376022046,0.00926116970342783,4.447775146915572e-05,train
0.9090812957168526,0.018883579291513297,0.0010796496496677567,train
0.8887399112114854,0.023314057922132037,0.00017441582588319333,train
0.8322788573682047,0.03605163187475857,0.028964028557822732,train
0.8784056953353381,0.025596066213510626,0.0019646914823267816,train
0.5801492344761165,0.10317450748714396,1.1965709890035776,train
0.6809756112603755,0.07396732364691072,0.00044245442477861945,train
0.6989390536784974,0.06913251334568071,1.0669857160853413,train
0.8910176378895099,0.022813946128206974,0.0510548798187825,train
0.9833641831488161,0.003349526999359753,0.006483201422498984,train
0.8767596190191249,0.025961534441893752,0.004922400604524294,train
0.8977267304736213,0.02134677551375741,0.00024443282811248114,train
0.8813101611586546,0.024952539605082258,0.0004444098830188849,train
0.6856701647546312,0.07269404122485879,0.027948934989007974,train
0.8831920647978635,0.024536481751354255,0.04686613730679731,train
0.9059295329270999,0.01956482605811216,0.00016764129236021156,train
0.9184792086368873,0.016863396097271832,0.00044665203615292724,train
0.8313927348047181,0.03625698141565492,0.0003048574789596103,train
0.7299909094581241,0.06100454453208559,1.1837226470038633,train
0.9712619001507888,0.005814852910955515,0.0021156692175271718,train
0.8038940077544943,0.04271829660348403,0.002703042363707102,train
0.9463274201322125,0.01097268798023443,0.0005646006840008463,train
0.8416911536537985,0.03388115712175244,0.004980023243822986,train
0.9393726211581818,0.012430702681204275,0.006880471480628125,train
0.7748745692441527,0.04973161311177321,0.051080973479699546,train
0.699177101253424,0.06906911423680062,0.05598449583977878,train
0.46703503642852173,0.14124378647941593,0.08450461282588545,val
0.7106941174041423,0.06602222008187797,0.009161550975624478,val
0.5604417994421564,0.10935198614714747,0.021078855729029046,val
0.8053157024451635,0.042379943394692976,0.03376703006929195,val
0.7135623864577225,0.06526955159509973,0.012852151418226002,val
0.7452410214219418,0.05711364586758061,1.1882636832784483,val
0.9751791069260254,0.005014211747364938,6.584220734380098e-05,val
0.7019474605543391,0.06833255259021231,0.002420604053042424,val
0.9018413689562728,0.02045130437719611,0.09996028453984154,val
0.9583500862876974,0.00847233242447587,0.0004931424385679905,val
0.9622254073197706,0.007671729825683982,3.752103512732146e-05,val
0.9904693615201918,0.0019134361742566552,7.749249152613297e-05,val
0.5760290374925571,0.10445198555557167,0.0007090543467507143,val
0.9882831005691534,0.0023544405947450997,2.5744758693605773e-05,val
0.6032958531226834,0.09612980042779129,1.3427702324833892,val
0.7159183375547332,0.06465312991615424,0.0016927850982686233,val
0.7766957454424405,0.04928535211414842,0.004248346133479326,val
0.9611791464438131,0.007887622296466001,0.00023093678735240232,val
0.6493301293297336,0.08273861484317391,1.066956059584289,val
0.9363864538471823,0.013059378488806339,0.000873458282540374,val
0.6730791116126947,0.07612498451086747,0.05700173217445465,val
0.757296079888955,0.05408275807063978,0.25604933809957553,val
0.8013894138697993,0.04331553838919977,0.11970601474406066,val
0.9609093961132877,0.007943314867545959,0.0024401934765651214,val
0.7003158681458788,0.06876606561259979,0.07368311716011845,val
0.8257713739627646,0.03756376671633166,1.0385265156536576,val
0.5361438394307507,0.11721231917051744,1.069473329235221,val
0.7126457037672235,0.06550983664435539,0.0015694962984203697,val
0.8171005803421308,0.039593471019254256,1.0927376237328983,val
0.9241506110901231,0.015652254361273377,0.02391819847200107,val
0.5714861738170584,0.10586901400407711,0.03430068707612719,val
0.7976181427890693,0.044217653401092294,0.021928457390668468,val
0.93942236668477,0.01242024333567282,0.001683134521322076,val
0.8709332467611469,0.027259554157337496,0.00022671976439830736,val
0.9208221704162141,0.016362327658676845,0.027239552626460998,val
0.7414077248261169,0.05808563277151935,0.0003735050613768114,val
0.783298283123084,0.04767445279122695,1.079100753732036,val
0.9337242230575048,0.013621209953331492,0.0005930761694866881,val
0.9279880431799611,0.01483612999176609,0.004984002011693988,val
0.9252819615089647,0.015411363473940343,0.0008065915193385346,val
0.7376704440782984,0.05903715180443159,1.1640317998682184,val
0.8776235230282919,0.025769658753693747,1.002846308586578,val
0.8043412369876451,0.0426118076587606,0.00051982752015951,val
0.9938935422929738,0.0012242856241272415,1.3307194050470506e-05,val
0.6523068757575621,0.08189914621854011,0.0010148762776606777,val
0.6049884344713288,0.09562319662532492,0.21152687946961268,val
0.8850485309906475,0.024126742031295167,9.131972364785424e-05,val
0.8209637896418797,0.03868703315545463,0.004080821636953652,val
0.874644496874589,0.026431948729240373,0.0002714811610272913,val
0.7712365717497519,0.05062558610122325,0.0018727021141889527,val
0.5566127394452576,0.1105723459277107,1.202560068845844,val
0.8781910892330694,0.025643682814814772,0.08683116659993206,val
0.9618497052891841,0.007749233076810524,2.9807525629984357e-05,val
0.754052505166765,0.054894441471247335,0.003635980034877677,val
0.9153715205502073,0.017529589808357282,8.682139906760169e-05,val
0.49799584925623097,0.13014844416074733,1.4535360329828615,val
0.5455647555668682,0.11413149571643322,0.04786997002101222,val
0.6605934189669767,0.07957830116255071,0.001994664939868707,val
0.7601497704721633,0.053370937259537565,1.01158480732412,val
0.7268867532985617,0.06180448848306208,0.07973768477319707,val
0.9605789633073702,0.008011552970897173,0.004787936906922287,val
0.7306489555251888,0.060835315141109625,0.0004881681236132162,val
0.9369858215998613,0.01293306547276607,8.988167903231615e-05,val
0.7128319670859287,0.06546099244494763,1.1750700768170463,val
0.8541489963981441,0.03103804143827893,0.00036720796518899214,val
0.7699784429510245,0.050935533916949494,0.003790518822610985,val
0.9310692596654164,0.014182785445643886,0.0007029177931833497,val
0.9493237995537009,0.010347163500056267,0.01115567403134121,val
0.7395896466816755,0.058548038563353,0.0003601456903481137,val
0.7792241338256876,0.04866718162273276,0.05299508476741239,val
0.985442472104548,0.0029286089170923457,0.004619662507856983,val
0.6104051201611211,0.09400952131144114,1.207967626028965,val
0.761528598504982,0.05302776996680514,1.080906457390857,val
0.6623698737908972,0.079083796817077,0.0012686029539338323,val
0.7328096863561431,0.060280497162937374,0.039267039794049684,val
0.6928684385116448,0.07075516516758318,0.0019261685282012406,val
0.7385384381871436,0.058815815550912975,1.2147399100085854,val
0.6154477251168452,0.09251755151722674,0.0004075864684681441,val
0.6488577859178515,0.08287210271791323,0.0006207898685416236,val
0.9793674040489484,0.004161003299863242,0.00010640316784448362,val
0.9772427744508703,0.004593451302596474,6.521844768597837e-05,val
0.6738214542120106,0.07592128500344153,0.14237673322724195,val
0.7167251145652717,0.06444241414386531,1.2110160471896712,val
0.7861289076135841,0.04698715704971046,1.178855140744196,val
0.9387609006981069,0.012559357435089624,0.001680511545887742,val
0.9076015808788914,0.01920318077899752,0.03922155749286699,val
0.7974656362655399,0.04425420577734562,1.115175996920248,val
0.9476132263692767,0.010704069135762273,0.004941783293399692,val
0.615804810227424,0.0924122709945272,0.0004132001161205061,val
0.9672750965661691,0.0066323759451825115,8.563148195263548e-05,val
0.7398167879638151,0.058490218300068175,0.0002684046829370621,val
0.9060171495742391,0.019545862305074158,0.0005805932984022293,val
0.9129058464811836,0.01805944376675883,0.057374088659183,val
0.8262318945729872,0.03745644333429454,0.00019742775028211415,val
0.9721135254386652,0.005640569040684884,0.00010161386949297835,val
0.8704022495859796,0.02737819664661134,0.00011880083633324493,val
0.8117805207835943,0.040847362901530904,0.01628962218959804,val
0.5435293703623906,0.1147934814604834,0.02355826801816942,val
0.7567946788391671,0.054208048447497714,0.000548962741733858,val
0.864617510519381,0.028674466391075182,0.04108187771895534,val
0.6863402044138017,0.07251287859722111,0.014511874970530721,val
0.8900247218059365,0.023031831047118256,1.0297785695609134,val
0.7322148376411718,0.060433107735368474,0.03459040484494181,val
0.8915055012496137,0.022706960839825707,1.0876497082419643,val
0.7933474634066584,0.04524335983272365,0.0006638322313499129,val
0.7237776461132389,0.0626084524840943,1.1469655243737624,val
0.815301036722083,0.04001687494849715,0.0002569402649391963,val
0.9133434232273006,0.01796532847596488,9.172978442810411e-05,val
0.69431522068196,0.07036741670707258,0.0314977675706907,val
0.6160252048988332,0.09234731571439903,0.0029253771843102397,val
0.8616752095986935,0.02933645395576734,1.1062173161869868,val
0.5287853673326351,0.11964895163243217,1.452951626696049,val
0.9223010381402366,0.016046580176768632,0.0001050302779846717,val
0.9126816923598366,0.01810766947250697,0.000309091748942626,val
0.9631592577653025,0.007479191433783394,0.0003436441599103352,val
0.6174896584949618,0.09191617975780442,0.00981034880527331,val
0.6620121305629462,0.07918329492092357,1.1800004008026386,val
0.8016423282661036,0.04325516106696059,0.012685700045525675,val
0.620566334629281,0.09101306240056317,0.000671944824622734,val
0.8418544711039299,0.033843667878711736,0.04153418511015456,val
0.9820197267512945,0.003622200444911572,9.635676703713811e-05,val
0.8161765917165914,0.039810777529221575,0.03732450286771413,val
0.7640643322141251,0.05239796368204075,0.059439566375605664,val
0.8422177044387439,0.03376030914002448,1.0468363483137009,val
0.9056838004916586,0.019618020232452182,0.003210780978027655,val
0.9320644260586739,0.013972138818805435,0.037586640115229525,val
0.7500514538979237,0.05589953519858104,0.00230970748929199,val
0.6743815174836432,0.07576772190045411,0.004030871258152387,val
0.684819832065757,0.07292415478475278,1.012590547308128,val
0.9884487235277309,0.0023210044398929153,0.0001013115682387419,val
0.716812673154962,0.06441955681725176,0.0002543723311704346,val
0.9576217126048507,0.008623096185510937,0.04068736403693055,val
0.52784620009437,0.11996188951797737,0.06118185534610493,val
0.9193604202921201,0.016674819341788494,1.0118447360690481,val
0.93759861317725,0.012803990279063315,0.00010398953214649985,val
0.8974058810779059,0.021416740055171246,0.0006975470998358996,val
0.9952134631548863,0.0009591455253953329,9.10715983005204e-06,val
0.5812996959643184,0.10281910039904152,0.0004434301942979061,val
0.9867029719544967,0.002673664397515263,0.00017600081957074536,val
0.7380579489600164,0.05893831333058974,0.1553269271809804,val
0.701365905592772,0.06848697881196653,0.10866758638620314,val
0.9321912495905059,0.013945307040501898,0.009401530127749805,val
0.6425913434896883,0.08465044623973184,0.026765032177578172,val
0.6797145758904385,0.0743105447220852,0.019668354577716,val
0.8123674834657455,0.04070869880888761,0.0077195705169011445,val
0.7053723444052826,0.06742517882655397,0.004171205995744397,val
0.6226362972699082,0.09040746604674677,0.1082895191324635,val
0.9837368873364583,0.003273990487051126,0.00025872065784977193,val
0.7043145795316921,0.06770504154906565,0.0019409482102086815,val
0.7667949043670487,0.05172163193523083,1.14828516256346,val
0.6652643302701625,0.07828034698297048,1.1329084079073957,val
0.7324889736568537,0.06036276483956304,0.0002670268379503737,val
0.7814001492292569,0.04813644693640273,0.016601312429505043,val
0.9212040428434919,0.01628075668366813,0.0007083883706316126,val
0.985576976859881,0.002901392001667169,0.00018247732658506862,val
0.9546736210739051,0.009234250990864501,0.0001238304557046511,val
0.7676798190130688,0.05150286200978671,0.00373834966112956,val
0.9048542265151248,0.01979768503868251,0.0003772336200373055,val
0.7668492797808067,0.05170818334140148,0.15512706974483018,val
0.9091635540034644,0.018865824656094987,0.00012714901697850748,val
0.66065991477826,0.07955977184583773,0.3406473593974587,val
0.723756482133323,0.06261393460088516,0.00034943317086961567,val
0.7998812226423377,0.04367590015237788,0.012842070902866003,val
0.8165749905070226,0.0397170567439179,1.027831566501788,val
0.9851609570150499,0.0029855828612294077,0.0006920069835535393,val
0.8876515597815406,0.02355338522145456,0.04543713615176442,val
0.8738952668401392,0.026598799716034183,0.0017818268130520998,val
0.5237025635230373,0.12134792304120212,0.2817465205571143,val
0.7678763372644644,0.05145430585107846,0.0014758642596251626,val
0.8598385976264175,0.029750590078922223,0.00023463938916062032,val
0.7038384554991161,0.06783112387817347,0.10702280711980658,val
0.9508576039519703,0.01002757732192383,3.933656839872044e-05,val
0.5053133491708464,0.12760703595654177,0.05163017317160227,val
0.6486106641919296,0.08294197219284238,0.00039598323757451413,val
0.7968548687239156,0.04440064905856511,1.0046014554225167,val
0.6666755150095817,0.07788964079316552,1.299940718304804,val
0.7610378216273302,0.053149859124773435,0.0024436361555716804,val
0.9751791069260254,0.005014211747364938,0.0006303878042547602,val
0.6765264861099611,0.07518053740507902,1.2318503042650468,val
0.9737333227969793,0.0053094167019485106,1.01481711213036,val
0.7352568567385224,0.059653707397293254,0.001169222339225094,val
0.989953968895414,0.002017329050960859,0.0005083214793636583,val
0.7274942437964245,0.06164772281899711,1.0720743676830315,val
0.6874936811069893,0.07220133738159507,1.1482945382934624,val
0.7207382929592888,0.06339705425559228,1.1347445151563216,val
0.7479558995553875,0.05642766657225051,1.1434945131787386,val
0.8617820242296059,0.029312390149207723,0.00019806398078463613,val
0.5703997226204975,0.10620923894077428,0.006455284653585526,val
0.9513849748604638,0.009917788670516514,0.002902229723010167,val
0.7932606744087455,0.045264250048432264,1.1473856462906917,val
0.9442597762027568,0.011405254096814144,0.0004023354110721136,val
0.6360331659768553,0.08652650087523295,1.2955371811811704,val
0.9903204542735886,0.0019434484626177362,2.9176583098768176e-05,val
0.6970147088641759,0.06964565852961813,0.029840026193799146,val
0.8063202935768953,0.04214114587828843,0.08925583438570252,val
0.6064002690131319,0.09520148932304529,0.031411247004692194,val
0.9865117588862263,0.002712321747958546,2.1358450738289267e-05,val
0.6173523496284031,0.09195656879118186,1.180028229932742,val
0.953695708296072,0.009437310904865215,0.00036829610441064446,val
0.9002257046423894,0.020802531824520076,0.03780176992319528,val
0.9684444710191181,0.006392308273897251,0.00955358291390748,val
0.8049795876670734,0.04245989315872334,1.1640679722766907,val
0.6621895920540721,0.07913393268747138,0.0003236025397095764,val
0.9824673526245595,0.003531382883245615,0.0033822414451535124,val
0.9911083881146103,0.0017846811924066008,2.0697614276213017e-05,val
0.8376700421049336,0.03480603718865549,0.00030993087213135876,val
0.7157372433481931,0.06470045459879203,0.03901581396608093,val
0.714839307331338,0.0649352505173959,0.04070328352948798,val
0.7477475170117829,0.0564802487949958,0.005834420310058551,val
0.8254354050616052,0.0376420937906613,0.0006387804403682075,val
0.7180773780901618,0.0640896522052753,0.20692580012062953,val
0.8343459002839925,0.03557329552741173,0.022785185747848356,val
0.6770665761876802,0.07503292266992179,0.027933033130231103,val
0.8831553130942486,0.02454460015374349,0.016666414226793824,val
0.6237294544424434,0.09008829736073665,0.44633897091582403,test
0.7697394794999439,0.0509944498207473,0.00017108421705137097,test
0.6434786020107996,0.08439781180287143,1.235049562759419,test
0.9019545425841967,0.020426720560332567,0.006440504830004025,test
0.6946795750113427,0.0702698689161243,0.004329569953560413,test
0.8855771755810223,0.02401019092993628,0.03848173046183367,test
0.8270354874963587,0.037269282211266574,0.0021228134954320464,test
0.667382703070945,0.07769409471248512,0.010079862934718667,test
0.7098735322557349,0.06623799856869361,1.2839424741589844,test
0.9796219914352847,0.004109234844325016,0.00012319801248484528,test
0.8721337628447621,0.026991531963412196,0.0011547202061523837,test
0.7396660939715446,0.05852857683189561,0.04526386003761361,test
0.7400255453899355,0.05843709028745503,0.0011090984727768352,test
0.5444006248513422,0.11450987355852094,1.3755385257472106,test
0.6199180380077147,0.0912030628993521,0.0013439468579770869,test
0.9455344169479732,0.011138500534092599,0.034371085763704935,test
0.9543904829587763,0.009293026435294394,0.00015206005834686359,test
0.619061956565961,0.09145420393983128,0.1692371196336323,test
0.9387237732095938,0.012567168107876059,0.0030492770289930206,test
0.6499930231573735,0.0825514069081712,0.022033400365336988,test
0.9123744227329226,0.01817379248790696,0.03858462979705496,test
0.8815348784911595,0.024902820963478067,0.05576811224534933,test
0.8987968848589851,0.021113561780906287,9.623707931766067e-05,test
0.7068284452463734,0.06704047332617147,0.31543404396555197,test
0.7139751272968935,0.06516144270219726,0.014904604042248885,test
0.9322368390421726,0.013935662493116507,0.00026139258142340177,test
0.7017818532084299,0.06837651757176488,0.049137162062036735,test
0.4856040732937468,0.13452114031948403,1.3034276424590674,test
0.799662415362132,0.04372822631513873,1.0008426411611862,test
0.7691509408761242,0.051139615122071214,1.2027252610535815,test
0.8170395721843301,0.039607813043839646,0.0009752545349288244,test
0.8180601750451261,0.03936799855789219,0.0011646835211132766,test
0.5375104353706937,0.11676274358236816,1.1559120687237368,test
0.611939416307418,0.09355452440686696,0.002048050973188616,test
0.6772629693010268,0.07497926883522277,0.03994623250270183,test
0.5920864155669908,0.09951388752617696,0.06669327657713171,test
0.8370701768543347,0.03494431412541932,0.0008429944587657897,test
0.4459919990872617,0.14912568585927732,1.2635238143730216,test
0.7428527931213261,0.05771874405488442,0.001807123631731191,test
0.577737011032919,0.10392153958464612,0.001426939451914763,test
0.9284587332926322,0.01473621214363563,0.018098553689969554,test
0.6281988732827648,0.08878799963528483,0.018624755671387588,test
0.8914402684698082,0.022721263254682267,0.02099561413840971,test
0.6909011038774424,0.071283466160181,0.02107938700823754,test
0.7932498434401739,0.045266857203863364,0.0071581162744764355,test
0.8628619250403402,0.029069237872125675,1.0085477783042196,test
0.8355069669022823,0.03530502768512833,1.1234474374264571,test
0.6775990456620608,0.07488748294782399,0.09125762317645938,test
0.9242976481759784,0.015620933403009962,0.0021976160127520745,test
0.8368027153920706,0.035005993111879574,0.09486930243989938,test
0.9440624077858826,0.011446584607803567,0.00017725678211813004,test
0.9629764183804783,0.0075168769305296035,1.0260590028780114,test
0.6792767862546344,0.0744298188148449,0.12536615451913988,test
0.821620485532136,0.038533289862594855,0.007035514517333715,test
0.5159268718701168,0.12397272172319873,0.0005081325900838781,test
0.9643392944038806,0.007236108608917102,5.813191895693878e-05,test
0.6400177353445646,0.08538482716236762,1.007627001973121,test
0.6493461848463233,0.08273407879623418,1.260152795570102,test
0.7126363050965215,0.06551230154707122,1.0404214538077696,test
0.6637453638408386,0.07870163565823507,0.00029237315998803976,test
0.895692844999523,0.021790624360918387,0.00040853738812429263,test
0.7557214669608961,0.054476446586339544,0.0012521710360778207,test
0.862476682405149,0.029155951802201097,0.00013339275990726428,test
0.7227152336878206,0.06288380823390105,0.006946989240916381,test
0.8473917844247777,0.032576016484631376,0.0010678529110866733,test
0.7071855448332393,0.0669462235382754,0.0014169164915448194,test
0.7660140055462921,0.051914854736155314,0.0022898119721257533,test
0.9021052317606636,0.020393991366064346,0.002808654106594242,test
0.6633852893972256,0.07880161616964376,0.00447896309029899,test
0.8571415752590352,0.03036002393003412,0.0007201031967975983,test
0.88296928529088,0.024585697594658895,0.006090578443259548,test
0.6368700817768949,0.0862862309083462,0.33484804147839164,test
0.8176494232030396,0.03946448550311732,0.009477597037977797,test
0.7974795950512037,0.04425085993855915,0.00023145552328512488,test
0.8986170246631705,0.021152742335274644,0.02565868099846969,test
0.7777646844446834,0.04902380903767356,0.00040145620340032004,test
0.6505193142878569,0.0824028856980854,1.1408690703801696,test
0.6145419556319989,0.09278482173022096,0.06272599006009058,test
0.8076241304182249,0.04183157047457586,0.0003492459838105011,test
0.6951195836434656,0.07015212090948142,0.0021715261739586964,test
0.590351390793291,0.10004225643138709,1.2939441650077763,test
0.5807048846214625,0.10300278256388495,1.271384870355068,test
0.9372018115064225,0.0128875627907169,1.0250232796092302,test
0.7705535090124376,0.05079381260107818,0.0019257593473560762,test
0.9088514215933697,0.018933202156593998,0.0006254937897925787,test
0.9638234303525827,0.007342345246793891,7.753507742712113e-05,test
0.7114632828424505,0.06582014365610722,0.018779824191956996,test
0.8798803877655148,0.0252691142984226,0.08917381657775302,test
0.9423092797065692,0.011814007247011649,0.0029201218158679434,test
0.7507720409004272,0.05571820224114088,0.018212116683547098,test
0.9735701745782486,0.005342750854171352,0.00022096998777420418,test
0.9585949404945254,0.008421671415266285,3.420204982070535e-05,test
0.9225738300901348,0.015988381647090932,0.0026152247143316023,test
0.5453010029253015,0.11421716670304649,0.036397785767204156,test
0.8932249829564859,0.022330262648132537,0.0175029238576606,test
0.5624026226554613,0.1087296327263435,0.00048169140481971174,test
0.8018464020550149,0.04320645439094839,0.13664047197144616,test
0.7584688577073729,0.053789962628174925,0.008873398510503139,test
0.8170586923859751,0.03960331810356743,1.1947639569589565,test
0.8680174590269252,0.027911753524366145,0.00012192236821496109,test
0.7037005613338967,0.0678676523521532,1.3306731186222254,test
0.8148594074440976,0.040120897517849086,0.0768528686884025,test
0.7895216159481304,0.04616598703489316,0.01902000248887933,test
0.974193387121288,0.00521544124089679,1.0040549845186235,test
0.7719627994379008,0.050446859503575636,0.12645700464702464,test
0.751898198279902,0.05543508769104355,0.01990831659021622,test
0.7400792541681496,0.058423423536143604,0.03282024516913928,test
0.8817531869396976,0.024854529994189467,0.06343049723970172,test
0.6596620274826118,0.07983799397678493,1.407347765580326,test
0.7840427665075324,0.047493494611634324,1.1026831037613514,test
0.6566136403770426,0.08069000886670974,0.15491336984424553,test
0.7582163157914728,0.05385298157093632,1.2373985072172193,test
0.3995351124602952,0.1676404044329215,0.02204855895912306,test
0.8496617128722876,0.032058278629935266,1.0911278628045744,test
0.8783735544915874,0.025603197001285438,0.0013523147483790186,test
0.6775990456620608,0.07488748294782399,0.0005278853600800418,test
0.968422904563293,0.006396733677296984,0.0001470613088821634,test
0.7978712070447563,0.04415701193752952,0.00017625257418423345,test
0.7693815542717418,0.051082722862038854,0.05575384327995161,test
0.9205680270830919,0.016416629687273976,0.03857365914549411,test
0.580355822616804,0.10311064559931504,0.0006592769199854485,test
0.7425706422309436,0.05779033452328308,0.0010254582562561516,test
0.984035260790525,0.003213535194233841,8.782968429130864e-05,test
0.7275223895625822,0.061640462215828085,0.0006911535132417733,test
0.7400255453899355,0.05843709028745503,0.18081863380039212,test
0.768775868539962,0.05123217451504325,0.0002996876524356856,test
0.6215693012258022,0.09071942909637243,1.042243041045809,test
0.9713174819864806,0.005803474441229528,0.016722023887063113,test
0.7007022046300748,0.06866334331297852,0.006892878952523977,test
0.9929803716213449,0.0014078843752435288,1.0034086409706955,test
0.9351994368862896,0.013309725925251259,0.01596912515750766,test
0.7217586119375802,0.06313202238787363,0.00042953624550812154,test
0.6964516715134673,0.06979601219469878,1.2421346671186861,test
0.7586376283972638,0.05374785719234276,0.0027699282828032054,test
0.9324740288036697,0.013885490572008274,0.0046841489760076965,test
0.8475629776167374,0.03253693113567957,0.0009443596555800864,test
0.8502901446072161,0.03191513803539603,0.010958395112192883,test
0.9061086281752636,0.01952606423595349,0.03332632049217807,test
0.7413914288194187,0.058089773429156555,0.026971175632701835,test
0.9065185472673856,0.019437367966413266,1.074581354196206,test
0.9721883303700499,0.00562526615730119,0.0012606088657328084,test
0.7223947403168347,0.06296693719053248,0.02407972848872279,test
0.5769698099152937,0.10415965410517314,0.0027563447440627463,test
0.979538347116059,0.004126242108550171,0.0006188014022208589,test
0.801786579532627,0.04322073131763793,0.025488296991287334,test
0.908078766933792,0.01910006853733137,6.885653100632008e-05,test
0.7016083939725686,0.06842257595185164,0.0003133494611354572,test
0.8115077369520602,0.040911832668828474,0.06402973238304199,test
0.6253080984203059,0.08962817010532353,0.0023828358771719417,test
0.4383989760437066,0.15204285057341338,0.008435054697455228,test
0.7877420994273839,0.046596347827888907,0.09196894137421452,test
0.962903842524717,0.007531837314225132,4.6767624793293736e-05,test
0.812350983947374,0.04071259556087714,0.03405333752490408,test
0.9130041229563132,0.018038303032072767,0.000918735609179006,test
0.9405002805473954,0.012193713140135287,0.001028218960648686,test
0.9601381446453686,0.008102616241861038,0.0002502315331061231,test
0.9760566877873799,0.004835195127280034,7.765966616208808e-05,test
0.5387357485157354,0.11636042330663732,1.5430080641935278,test
0.7981721832278744,0.044084909429589425,0.0014019421716471177,test
0.6941958873322952,0.07039937446756306,0.0007935142753635535,test
0.7627108506636551,0.05273392272906263,0.0015264957201335208,test
0.5828651771875579,0.10233638578091275,0.00044938144863358655,test
0.6874425963874673,0.07221512594272539,1.1989256716059327,test
0.635642836549102,0.08663864696001022,0.0819082560360554,test
0.8912623181275194,0.022760283473926113,0.00020799182976137108,test
0.7262946513077707,0.061957383969615365,0.022429143524794977,test
0.6905151174191572,0.0713872587688984,0.00066862888352772,test
0.8194410134985759,0.03904391899834514,0.0008782957151334728,test
0.9444019206838207,0.011375492196549986,1.0207727580340675,test
0.8522979010146194,0.03145838915244825,0.03448135397668626,test
0.8231443459767614,0.03817690747859348,1.0039720387968436,test
0.7402974092828475,0.05836791987771994,1.007784956023987,test
0.9803144550795111,0.003968481931565404,4.1275674408274215e-05,test
0.6362262081424436,0.08647105801231669,0.0036431207648224572,test
0.7751971903574879,0.04965249692645546,1.2533729768999287,test
0.7998367960952643,0.04368652351003777,1.1462894728015762,test
0.9472829311232921,0.010773043544467842,6.766364535295366e-05,test
0.6253080984203059,0.08962817010532353,0.0006907665885679702,test
0.747599736806897,0.05651754602781722,0.03561815523088836,test
0.8175367803261355,0.03949095245666556,0.00286717896413947,test
0.8239599013212046,0.03798639185959385,0.014543132229004533,test
0.9889652702696844,0.002216752164319047,9.377616064850136e-05,test
0.9806232096179952,0.003905748894364125,3.664383850093814e-05,test
0.6992797907186427,0.06904177032666825,1.3342354168311887,test
0.9890122956742494,0.0022072634047254347,0.00012201331576185042,test
0.729530151248149,0.06112311015628602,1.0599583755289137,test
0.8054528684109618,0.042347324154477284,0.0032076318751388467,test
0.6464345479219882,0.08355815338487593,1.3115352511265914,test
0.6398490266241263,0.08543305077222274,0.14973499397835674,test
0.820800517305598,0.03872527316154073,0.0005071162747331331,test
0.7744433139435246,0.04983741076132542,0.005200362840660636,test
0.9211066928550409,0.016301548842807767,0.0002874145274220831,test
0.9732133330950485,0.005415675647129969,0.00865335047957184,test
0.8490310045991647,0.03220202294386698,0.0002053363371806152,test
0.6831877904535174,0.0733664523559382,0.006368067820268152,test
0.5986984019894224,0.09751161804471054,1.4858080783896837,test
0.9454767291012667,0.011150567082232166,0.0204299452822291,test
0.7579840852285068,0.05391094687040021,1.0979470531963555,test
0.697783146982599,0.06944061129954693,0.00039904557852876265,test
0.8437463891503887,0.033409804845713875,0.025421589541659073,test
0.7534602101225828,0.055042960917047634,0.002216284716922098,test
0.6879660979094427,0.0720738635546937,1.3069781364613597,test
0.9205895028355725,0.016412040565063735,0.00028112614426223126,test
0.735428326311858,0.059609851774052425,0.1958909201628002,test
0.7806987855224574,0.0483073817304609,0.0002650445065917793,test
0.5994598005138702,0.0972821856527386,0.0014916903272318822,test
0.7940136273119781,0.045083074226668685,0.0007971184403279502,test
0.8914954925152392,0.0227091552200841,0.00020766896952422188,test
0.720821699783365,0.06337537774359514,0.004101769917639847,test
0.6687759097510229,0.07730934062592287,0.13100253290994013,test
0.993695462136801,0.0012640994300017194,3.508041052518878e-05,test
0.6924186084952689,0.07087585498109894,1.2731618443212334,test
0.7219958906970124,0.0630704312572129,0.0007046912132717157,test
0.7027517313939645,0.06811915491536402,0.00423808313700565,test
