theta,m,t,delta,set
0.5108256237659907,1,0.2988806493215517,1.0,train
0.3566749439387324,0,2.7134693808489816,0.0,train
0.3566749439387324,3,0.2114053818296649,1.0,train
0.5108256237659907,0,2.7423274347420694,0.0,train
0.3566749439387324,2,0.09038863853867339,1.0,train
0.05129329438755048,0,4.374709577539882,0.0,train
0.5108256237659907,0,2.1742857697532685,0.0,train
0.3566749439387324,0,4.966738565656549,0.0,train
0.3566749439387324,0,3.171187039232137,0.0,train
0.5108256237659907,0,5.7139568033850665,0.0,train
0.22314355131420976,0,0.39927449404537496,0.0,train
0.22314355131420976,1,0.6570954988288121,1.0,train
0.5108256237659907,0,3.764566652614712,0.0,train
0.5108256237659907,7,0.05130017574205501,1.0,train
0.10536051565782635,0,4.032554391060748,0.0,train
0.5108256237659907,0,4.626428678701684,0.0,train
0.5108256237659907,0,4.5441076671801515,0.0,train
0.5108256237659907,1,0.7908941758269018,1.0,train
0.3566749439387324,0,1.2789723516060227,0.0,train
0.22314355131420976,0,4.141253385573689,0.0,train
0.22314355131420976,0,2.6393812581585316,0.0,train
0.22314355131420976,0,2.011597088119961,0.0,train
0.22314355131420976,0,0.8128841973719736,0.0,train
0.22314355131420976,0,4.0320736639973065,0.0,train
0.10536051565782635,0,1.875509094810779,0.0,train
0.10536051565782635,0,0.9478747934439204,0.0,train
0.10536051565782635,0,4.781428793675522,0.0,train
0.3566749439387324,0,5.99422328755165,0.0,train
0.3566749439387324,0,1.981375760976342,0.0,train
0.22314355131420976,1,2.1946934219067624,1.0,train
0.3566749439387324,0,2.0346954489010516,0.0,train
0.22314355131420976,1,0.035747574810930674,1.0,train
0.3566749439387324,0,5.187592838724744,0.0,train
0.22314355131420976,0,1.1581233468390137,0.0,train
0.3566749439387324,0,2.920277468122972,0.0,train
0.3566749439387324,0,5.418078214174842,0.0,train
0.05129329438755048,0,1.7162232662525787,0.0,train
0.22314355131420976,0,2.1591393779596437,0.0,train
0.10536051565782635,0,3.0667715641717272,0.0,train
0.10536051565782635,0,0.44581969466314253,0.0,train
0.22314355131420976,2,0.3981881289898592,1.0,train
0.10536051565782635,1,0.3036551303188605,1.0,train
0.05129329438755048,0,0.9507023822571368,0.0,train
0.22314355131420976,2,0.3434246407315689,1.0,train
0.5108256237659907,0,4.979089105036957,0.0,train
0.3566749439387324,0,5.503613680862998,0.0,train
0.3566749439387324,0,5.4962942178807985,0.0,train
0.3566749439387324,0,1.0920157565540105,0.0,train
0.5108256237659907,2,0.022236328731424296,1.0,train
0.5108256237659907,0,4.68268953716613,0.0,train
0.05129329438755048,0,2.7786170876937915,0.0,train
0.10536051565782635,0,4.507187499730097,0.0,train
0.22314355131420976,0,1.3095825663279863,0.0,train
0.10536051565782635,0,0.5833360282517563,0.0,train
0.22314355131420976,0,5.883253154466924,0.0,train
0.05129329438755048,0,1.9601416294114893,0.0,train
0.10536051565782635,0,0.9992297467876037,0.0,train
0.5108256237659907,1,0.13275726185727751,1.0,train
0.3566749439387324,0,3.7994924904417404,0.0,train
0.3566749439387324,0,5.624600106089579,0.0,train
0.22314355131420976,0,3.6712909464231185,0.0,train
0.5108256237659907,2,0.5009571374136876,1.0,train
0.3566749439387324,1,0.4853322273138213,1.0,train
0.10536051565782635,0,1.8745389161036423,0.0,train
0.22314355131420976,0,5.225682867569573,0.0,train
0.3566749439387324,0,5.296321229306892,0.0,train
0.5108256237659907,0,3.592921621593363,0.0,train
0.10536051565782635,0,2.7774874304851176,0.0,train
0.3566749439387324,0,2.055656127646486,0.0,train
0.10536051565782635,0,1.5589563962782536,0.0,train
0.22314355131420976,0,3.024055104976103,0.0,train
0.10536051565782635,0,0.03989404515780359,0.0,train
0.5108256237659907,0,1.856840207247534,0.0,train
0.3566749439387324,0,4.301775857692278,0.0,train
0.05129329438755048,0,1.7195034041914086,0.0,train
0.5108256237659907,0,1.5134787139111356,0.0,train
0.10536051565782635,0,4.02930061885024,0.0,train
0.5108256237659907,0,1.4268379094988461,0.0,train
0.10536051565782635,0,2.156243025457006,0.0,train
0.05129329438755048,0,1.7625215588327268,0.0,train
0.05129329438755048,0,1.5118947406235317,0.0,train
0.22314355131420976,0,0.26715393380041497,0.0,train
0.3566749439387324,1,0.47272257921460675,1.0,train
0.10536051565782635,1,0.11695606409425952,0.0,train
0.3566749439387324,0,0.8399802051542549,0.0,train
0.3566749439387324,1,2.977413897098651,0.0,train
0.3566749439387324,0,2.3387810909053073,0.0,train
0.05129329438755048,0,1.4871369120082767,0.0,train
0.10536051565782635,0,3.285680761125083,0.0,train
0.05129329438755048,0,3.4202525463125797,0.0,train
0.05129329438755048,0,2.6758839902410405,0.0,train
0.5108256237659907,0,2.984401749244575,0.0,train
0.22314355131420976,0,2.617132687271615,0.0,train
0.5108256237659907,0,5.938466897826867,0.0,train
0.22314355131420976,2,0.9680467010576188,1.0,train
0.05129329438755048,0,3.33655749480866,0.0,train
0.22314355131420976,0,4.836979613460843,0.0,train
0.10536051565782635,0,2.7266846117628316,0.0,train
0.5108256237659907,0,4.8342990434173085,0.0,train
0.05129329438755048,0,3.286042046838322,0.0,train
0.3566749439387324,0,2.4432687758797096,0.0,train
0.05129329438755048,0,0.84431899769931,0.0,train
0.3566749439387324,0,4.138984110341533,0.0,train
0.22314355131420976,0,3.8053828176428146,0.0,train
0.5108256237659907,0,1.573207498269412,0.0,train
0.22314355131420976,0,4.728157734902033,0.0,train
0.10536051565782635,0,4.25045984982436,0.0,train
0.5108256237659907,0,2.2051149205610843,0.0,train
0.22314355131420976,1,0.2384153227798946,1.0,train
0.3566749439387324,1,0.23009597261138937,0.0,train
0.10536051565782635,0,5.023404928964367,0.0,train
0.3566749439387324,0,2.854713187446717,0.0,train
0.22314355131420976,0,5.724341162672919,0.0,train
0.3566749439387324,2,1.4516747853181484,1.0,train
0.05129329438755048,0,4.8345074669741415,0.0,train
0.3566749439387324,0,0.2706756037706908,0.0,train
0.05129329438755048,0,1.9775300834414893,0.0,train
0.10536051565782635,0,0.08727160547900259,0.0,train
0.5108256237659907,0,1.4939372255849253,0.0,train
0.22314355131420976,0,3.6163510388299986,0.0,train
0.3566749439387324,0,0.44675484844692037,0.0,train
0.5108256237659907,0,5.467404425869457,0.0,train
0.10536051565782635,0,3.8993186733763663,0.0,train
0.5108256237659907,0,4.083029254771417,0.0,train
0.10536051565782635,0,3.7290445328469684,0.0,train
0.10536051565782635,0,0.805097452767032,0.0,train
0.3566749439387324,0,0.7539380323030944,0.0,train
0.22314355131420976,0,0.1879950427748196,0.0,train
0.22314355131420976,0,4.532623305727782,0.0,train
0.3566749439387324,0,3.969299715688331,0.0,train
0.22314355131420976,0,1.3500488951744538,0.0,train
0.10536051565782635,0,5.247060856674359,0.0,train
0.10536051565782635,0,1.291893444092041,0.0,train
0.05129329438755048,0,4.339124159797295,0.0,train
0.3566749439387324,0,3.376451008810302,0.0,train
0.5108256237659907,2,2.096565560116853,1.0,train
0.3566749439387324,3,0.24884085901215958,1.0,train
0.22314355131420976,2,0.6102796309051473,1.0,train
0.22314355131420976,0,3.721642113893118,0.0,train
0.05129329438755048,0,4.723910092410169,0.0,train
0.5108256237659907,2,0.35599829370463576,0.0,train
0.05129329438755048,0,1.300598901379283,0.0,train
0.3566749439387324,0,2.8267524829630144,0.0,train
0.22314355131420976,2,0.25227661428567594,1.0,train
0.05129329438755048,0,5.966999382775222,0.0,train
0.3566749439387324,1,2.507218093589966,1.0,train
0.5108256237659907,0,1.1984285741095064,0.0,train
0.3566749439387324,0,0.013905820124602064,0.0,train
0.3566749439387324,0,0.16020733677959886,0.0,train
0.3566749439387324,0,4.116135812411576,0.0,train
0.22314355131420976,0,5.230912867505722,0.0,train
0.10536051565782635,0,4.104789383681842,0.0,train
0.5108256237659907,0,0.2629603709455737,0.0,train
0.3566749439387324,0,3.3393188449440574,0.0,train
0.3566749439387324,0,0.7269678418748984,0.0,train
0.3566749439387324,0,1.2376000650641636,0.0,train
0.05129329438755048,0,3.3590469867032615,0.0,train
0.5108256237659907,10,0.018858354881213842,1.0,train
0.05129329438755048,0,2.425535347325428,0.0,train
0.22314355131420976,0,2.9629811351796373,0.0,train
0.10536051565782635,0,4.0555125802717,0.0,train
0.05129329438755048,0,3.993600046772298,0.0,train
0.5108256237659907,0,3.1021878531185334,0.0,train
0.3566749439387324,0,2.8403768021070137,0.0,train
0.05129329438755048,0,2.2644540712026124,0.0,train
0.22314355131420976,0,0.8028852722760718,0.0,train
0.5108256237659907,3,1.0119029560814279,1.0,train
0.05129329438755048,0,1.2894138478042985,0.0,train
0.3566749439387324,0,0.5365118069774972,0.0,train
0.22314355131420976,1,0.8312265360553077,1.0,train
0.5108256237659907,0,4.584202564185701,0.0,train
0.05129329438755048,0,1.1347003463997525,0.0,train
0.22314355131420976,0,5.440932858825241,0.0,train
0.10536051565782635,1,0.14310771693428542,1.0,train
0.22314355131420976,0,1.4123778702631447,0.0,train
0.5108256237659907,0,5.293057836220565,0.0,train
0.3566749439387324,4,0.21447769958511598,1.0,train
0.5108256237659907,1,0.2502740220849267,1.0,train
0.5108256237659907,0,1.7212280710330217,0.0,train
0.22314355131420976,1,0.7325326187821612,1.0,train
0.22314355131420976,0,0.9637050624083869,0.0,train
0.22314355131420976,0,5.563902130059226,0.0,train
0.05129329438755048,0,5.203221464888069,0.0,train
0.10536051565782635,0,3.5656662520708045,0.0,train
0.5108256237659907,0,3.679873145383835,0.0,train
0.3566749439387324,0,1.0459440270563953,0.0,train
0.5108256237659907,0,4.659496974593154,0.0,train
0.05129329438755048,0,2.7770993854534547,0.0,train
0.3566749439387324,0,3.6013236153407626,0.0,train
0.22314355131420976,2,0.3789495794806325,1.0,train
0.22314355131420976,0,3.079111828587376,0.0,train
0.05129329438755048,0,1.8998245281419848,0.0,train
0.3566749439387324,0,5.257342313242448,0.0,train
0.05129329438755048,0,1.6992493879881458,0.0,train
0.22314355131420976,0,1.0368745292794137,0.0,train
0.5108256237659907,2,0.09994164056000339,1.0,train
0.22314355131420976,1,0.8682538189955838,1.0,train
0.22314355131420976,0,2.926773043113196,0.0,train
0.05129329438755048,0,4.296228428909898,0.0,train
0.10536051565782635,1,0.4963797599419717,1.0,train
0.05129329438755048,0,5.943553352856296,0.0,train
0.05129329438755048,0,4.6668746647300665,0.0,train
0.5108256237659907,0,0.5328765391318744,0.0,train
0.22314355131420976,3,0.19320234555666596,1.0,train
0.3566749439387324,5,0.1808954337344806,1.0,train
0.3566749439387324,0,0.6654905942904681,0.0,train
0.22314355131420976,0,0.4076355027475802,0.0,train
0.3566749439387324,0,4.914989935355156,0.0,train
0.22314355131420976,0,4.835240949882895,0.0,train
0.22314355131420976,0,0.8616484147759633,0.0,train
0.10536051565782635,0,4.7017294619005865,0.0,train
0.3566749439387324,1,0.6299987822776134,1.0,train
0.3566749439387324,0,4.6585068053980345,0.0,train
0.3566749439387324,4,0.21947086014815964,1.0,train
0.5108256237659907,0,1.9374175045185391,0.0,train
0.05129329438755048,0,0.1506126701334345,0.0,train
0.10536051565782635,0,1.1904417629186381,0.0,train
0.3566749439387324,0,5.735967653549299,0.0,train
0.5108256237659907,0,5.686349636208847,0.0,train
0.05129329438755048,0,0.7835095462495305,0.0,train
0.3566749439387324,0,5.407779068648338,0.0,train
0.5108256237659907,2,0.30891462668413483,1.0,train
0.3566749439387324,0,3.4403430569115097,0.0,train
0.3566749439387324,2,0.22235719387819514,1.0,train
0.22314355131420976,0,0.32851034212050045,0.0,train
0.3566749439387324,0,5.2512159050657905,0.0,train
0.3566749439387324,0,3.67902227835207,0.0,train
0.22314355131420976,0,0.08417892732310794,0.0,train
0.22314355131420976,0,3.263095210824657,0.0,train
0.3566749439387324,0,2.477000058436242,0.0,train
0.3566749439387324,0,2.268262436070101,0.0,train
0.22314355131420976,0,3.117413703549083,0.0,train
0.5108256237659907,1,0.4057533075034945,1.0,train
0.3566749439387324,0,5.124773140156666,0.0,train
0.10536051565782635,0,1.572204660961281,0.0,train
0.22314355131420976,0,2.432713755307587,0.0,train
0.05129329438755048,0,4.739184448231022,0.0,train
0.10536051565782635,0,5.74904820207293,0.0,train
0.5108256237659907,0,3.39393058477736,0.0,train
0.22314355131420976,0,5.178759848676382,0.0,train
0.10536051565782635,0,5.207076284256693,0.0,train
0.3566749439387324,0,5.769273381167718,0.0,train
0.3566749439387324,0,2.6000131424549515,0.0,train
0.5108256237659907,0,0.7365413104483816,0.0,train
0.5108256237659907,0,4.0430908459740875,0.0,train
0.10536051565782635,0,1.6166242370849855,0.0,train
0.22314355131420976,1,0.11537437720009856,1.0,train
0.3566749439387324,0,1.6945570510944619,0.0,train
0.10536051565782635,0,4.8860456116696955,0.0,train
0.3566749439387324,2,0.15547475535562397,1.0,train
0.10536051565782635,0,4.670535530544294,0.0,train
0.5108256237659907,0,1.133407316510837,0.0,train
0.5108256237659907,0,0.3286836964180886,0.0,train
0.22314355131420976,0,1.1075974846123737,0.0,train
0.22314355131420976,0,4.122743289243326,0.0,train
0.5108256237659907,0,5.170284087514872,0.0,train
0.05129329438755048,0,1.9356181312729763,0.0,train
0.3566749439387324,1,0.5651482440970818,1.0,train
0.3566749439387324,1,1.1781118964241755,1.0,train
0.5108256237659907,0,5.794201245158974,0.0,train
0.05129329438755048,0,3.3662183820911027,0.0,train
0.05129329438755048,0,5.906765356203121,0.0,train
0.5108256237659907,5,0.32374987478125267,1.0,train
0.05129329438755048,0,3.5249175746515675,0.0,train
0.22314355131420976,0,3.27595364422666,0.0,train
0.05129329438755048,0,0.61759501013763,0.0,train
0.5108256237659907,0,1.0838481083738525,0.0,train
0.5108256237659907,0,3.1332118705251792,0.0,train
0.05129329438755048,0,1.6536044213052563,0.0,train
0.05129329438755048,0,3.9502791388917657,0.0,train
0.3566749439387324,0,1.2311993611804504,0.0,train
0.05129329438755048,0,3.7162471704455537,0.0,train
0.05129329438755048,0,3.221062923141446,0.0,train
0.05129329438755048,0,3.2200479154920125,0.0,train
0.5108256237659907,0,5.743873662681596,0.0,train
0.22314355131420976,0,3.3627135586767896,0.0,train
0.22314355131420976,0,1.6915643470949673,0.0,train
0.5108256237659907,0,4.67811556620592,0.0,train
0.05129329438755048,0,3.353230642027041,0.0,train
0.3566749439387324,2,0.46882058992959563,1.0,train
0.10536051565782635,0,3.0367464491760403,0.0,train
0.5108256237659907,1,0.12201908265239218,1.0,train
0.5108256237659907,0,2.847688275090221,0.0,train
0.3566749439387324,0,2.744397050192927,0.0,train
0.22314355131420976,0,1.0434309158170307,0.0,train
0.10536051565782635,0,5.366368061888469,0.0,train
0.22314355131420976,0,3.6137614587800186,0.0,train
0.5108256237659907,0,2.3738744928956437,0.0,train
0.3566749439387324,1,1.2477657213321278,1.0,train
0.05129329438755048,0,0.6794185704159494,0.0,train
0.05129329438755048,0,0.18500740790597892,0.0,train
0.05129329438755048,0,3.4634422114411514,0.0,train
0.22314355131420976,0,5.652562715348657,0.0,train
0.05129329438755048,0,3.676159951351493,0.0,train
0.3566749439387324,0,2.889115553343041,0.0,train
0.10536051565782635,0,2.1115349453021532,0.0,train
0.3566749439387324,0,4.914421724923411,0.0,train
0.05129329438755048,0,1.6142908788963837,0.0,train
0.10536051565782635,0,4.333174822793594,0.0,train
0.10536051565782635,0,1.834659264209836,0.0,train
0.10536051565782635,0,0.9766410678583484,0.0,train
0.3566749439387324,0,4.7275805389874925,0.0,train
0.5108256237659907,1,2.8792372629464933,1.0,train
0.5108256237659907,0,1.4704645188487655,0.0,train
0.22314355131420976,0,5.892596368212075,0.0,train
0.3566749439387324,2,0.3886808130376828,1.0,train
0.22314355131420976,0,2.581870789586713,0.0,train
0.5108256237659907,0,5.007194926873521,0.0,train
0.05129329438755048,0,4.725412137573577,0.0,train
0.3566749439387324,0,0.8202292642313704,0.0,train
0.5108256237659907,0,0.337035636079295,0.0,train
0.5108256237659907,6,0.14727103543725276,1.0,train
0.10536051565782635,0,1.4222814053641835,0.0,train
0.22314355131420976,0,2.1845922909067177,0.0,train
0.3566749439387324,1,0.4782072005858282,1.0,train
0.22314355131420976,0,0.9427363556805635,0.0,train
0.10536051565782635,0,1.5616475094847209,0.0,train
0.10536051565782635,0,2.9380613018205963,0.0,train
0.5108256237659907,0,4.180121942796809,0.0,train
0.5108256237659907,1,0.36630025318341136,1.0,train
0.5108256237659907,1,0.46022131212851275,1.0,train
0.5108256237659907,0,1.8408789617533363,0.0,train
0.05129329438755048,0,4.022650642701061,0.0,train
0.10536051565782635,0,1.1815782362221212,0.0,train
0.3566749439387324,1,0.475307127846458,1.0,train
0.05129329438755048,1,0.4099081692483998,1.0,train
0.22314355131420976,0,4.371317122367262,0.0,train
0.3566749439387324,1,1.3641868180303138,0.0,train
0.5108256237659907,2,0.6794969532929965,1.0,train
0.10536051565782635,0,1.739754362000552,0.0,train
0.3566749439387324,0,4.878615890687476,0.0,train
0.10536051565782635,0,4.500430486275934,0.0,train
0.5108256237659907,2,1.0402531905281216,1.0,train
0.05129329438755048,0,2.087931417221675,0.0,train
0.10536051565782635,0,0.9433446391915938,0.0,train
0.5108256237659907,0,2.009378759151323,0.0,train
0.22314355131420976,0,1.6066703939505935,0.0,train
0.10536051565782635,0,2.280081773721098,0.0,train
0.22314355131420976,0,0.29933439212005486,0.0,train
0.05129329438755048,0,2.9237481186169676,0.0,train
0.10536051565782635,0,2.094875155270608,0.0,train
0.3566749439387324,0,3.3134289112548796,0.0,train
0.3566749439387324,1,0.013752377163687305,1.0,train
0.5108256237659907,0,3.571590730970052,0.0,train
0.5108256237659907,0,3.7733007584957563,0.0,train
0.05129329438755048,0,2.013882950984534,0.0,train
0.3566749439387324,0,0.190534144533401,0.0,train
0.22314355131420976,0,0.41809493445480195,0.0,train
0.05129329438755048,0,0.911648020889992,0.0,train
0.10536051565782635,0,0.15141710534146924,0.0,train
0.5108256237659907,1,0.18623627257140088,1.0,train
0.22314355131420976,0,2.231375529349888,0.0,train
0.05129329438755048,0,2.2305249118371493,0.0,train
0.10536051565782635,0,5.919790823017929,0.0,train
0.22314355131420976,0,5.884178215157855,0.0,train
0.05129329438755048,0,2.8726397822455008,0.0,train
0.5108256237659907,1,0.17339351751749513,1.0,train
0.3566749439387324,0,3.4840387861517694,0.0,train
0.3566749439387324,0,1.8856543720163095,0.0,train
0.05129329438755048,0,1.3254434870706504,0.0,train
0.22314355131420976,0,2.0020176196961255,0.0,train
0.3566749439387324,0,1.7814280056924834,0.0,train
0.3566749439387324,0,4.48442703247403,0.0,train
0.10536051565782635,0,5.6676684677807465,0.0,train
0.22314355131420976,0,0.5498043073068213,0.0,train
0.5108256237659907,0,3.497261324484626,0.0,train
0.22314355131420976,0,2.116522497904552,0.0,train
0.3566749439387324,0,4.422073497065169,0.0,train
0.22314355131420976,0,5.122618637734663,0.0,train
0.10536051565782635,0,0.0436843994872409,0.0,train
0.05129329438755048,0,2.703404476849153,0.0,train
0.5108256237659907,0,4.887776082915126,0.0,train
0.10536051565782635,0,1.874273858300329,0.0,train
0.5108256237659907,0,5.710104645684075,0.0,train
0.22314355131420976,0,0.9807416916863698,0.0,train
0.10536051565782635,1,1.1540525073583487,1.0,train
0.05129329438755048,0,0.8690227729723301,0.0,train
0.22314355131420976,0,5.663586377192106,0.0,train
0.05129329438755048,0,2.241019346259632,0.0,train
0.10536051565782635,0,2.7633803225065288,0.0,train
0.22314355131420976,0,5.243221949199129,0.0,train
0.05129329438755048,0,4.765834927810439,0.0,train
0.5108256237659907,0,4.33160213053899,0.0,train
0.5108256237659907,0,0.6458880087523733,0.0,train
0.22314355131420976,0,5.71414449185581,0.0,train
0.22314355131420976,0,0.5930811255338599,0.0,train
0.10536051565782635,1,1.0062016447876205,1.0,train
0.22314355131420976,0,4.164778358199666,0.0,train
0.22314355131420976,0,0.09445469310645538,0.0,train
0.5108256237659907,0,0.8875880366300175,0.0,train
0.10536051565782635,0,5.617495293150393,0.0,train
0.22314355131420976,0,1.381870386780635,0.0,train
0.05129329438755048,0,0.9502418172231675,0.0,train
0.5108256237659907,0,3.6045439187107426,0.0,train
0.22314355131420976,0,2.4351979562305024,0.0,train
0.3566749439387324,0,2.0999224180257947,0.0,train
0.3566749439387324,0,2.4608357451020644,0.0,train
0.3566749439387324,0,5.8288888718712615,0.0,train
0.3566749439387324,0,2.656731434100718,0.0,train
0.05129329438755048,0,3.4679432710491596,0.0,train
0.5108256237659907,7,0.12372183156960061,1.0,train
0.5108256237659907,3,0.06358382937329105,1.0,train
0.22314355131420976,1,1.1764034964484387,1.0,train
0.3566749439387324,0,3.4697369805853624,0.0,train
0.5108256237659907,0,4.75861563645232,0.0,train
0.05129329438755048,1,0.7700660373166198,1.0,train
0.3566749439387324,0,0.7751094741959164,0.0,train
0.5108256237659907,3,0.002501651870805357,1.0,train
0.3566749439387324,0,5.771728859339886,0.0,train
0.05129329438755048,0,3.8397462560543523,0.0,train
0.10536051565782635,0,4.334995439218988,0.0,train
0.05129329438755048,0,2.9879682070952356,0.0,train
0.05129329438755048,0,3.8853494607605157,0.0,train
0.22314355131420976,0,5.718437667021957,0.0,train
0.3566749439387324,2,0.1077268217763527,1.0,train
0.10536051565782635,0,2.156772785590464,0.0,train
0.22314355131420976,0,4.747167317370092,0.0,train
0.22314355131420976,1,1.247578186916916,0.0,train
0.5108256237659907,0,4.598552250549046,0.0,train
0.5108256237659907,0,4.994211444312742,0.0,train
0.3566749439387324,0,2.693319182082164,0.0,train
0.05129329438755048,0,4.643860431024485,0.0,train
0.3566749439387324,0,3.7161723680831056,0.0,train
0.3566749439387324,0,3.4251180970624544,0.0,train
0.05129329438755048,0,3.2285670837238793,0.0,train
0.3566749439387324,0,4.027580778921574,0.0,train
0.10536051565782635,0,5.682918007599892,0.0,train
0.5108256237659907,0,0.13962754978655667,0.0,train
0.22314355131420976,0,2.2708666541874267,0.0,train
0.05129329438755048,0,2.9356578019349615,0.0,train
0.22314355131420976,1,2.215454966221342,1.0,train
0.3566749439387324,0,2.2305121393071206,0.0,train
0.3566749439387324,0,5.6934656389458835,0.0,train
0.05129329438755048,0,2.8458798273817045,0.0,train
0.10536051565782635,0,5.312240784620047,0.0,train
0.3566749439387324,0,3.1822011792806904,0.0,train
0.22314355131420976,0,2.7094115104075787,0.0,train
0.10536051565782635,0,5.636428133743813,0.0,train
0.10536051565782635,0,2.857303610214505,0.0,train
0.5108256237659907,1,0.02602774517421791,0.0,train
0.3566749439387324,0,0.7740138457780454,0.0,train
0.3566749439387324,0,5.691475397834333,0.0,train
0.05129329438755048,0,3.220382422098661,0.0,train
0.5108256237659907,1,0.16457160649880254,1.0,train
0.3566749439387324,0,3.3378420333042023,0.0,train
0.5108256237659907,4,0.41072794420871855,1.0,train
0.22314355131420976,0,3.098773082199659,0.0,train
0.5108256237659907,0,2.389028089713225,0.0,train
0.05129329438755048,0,4.392780127954264,0.0,train
0.3566749439387324,0,2.4975477075157215,0.0,train
0.5108256237659907,0,1.9199207286313598,0.0,train
0.10536051565782635,0,5.012242208406607,0.0,train
0.22314355131420976,0,4.242074983416002,0.0,train
0.5108256237659907,0,5.742405700393461,0.0,train
0.3566749439387324,0,5.395655379552225,0.0,train
0.3566749439387324,0,4.261566422272285,0.0,train
0.3566749439387324,0,0.23745274810371808,0.0,train
0.05129329438755048,0,1.7826020351686724,0.0,train
0.22314355131420976,0,3.7678566999677114,0.0,train
0.05129329438755048,0,1.271868967977562,0.0,train
0.5108256237659907,0,5.559107479510292,0.0,train
0.05129329438755048,0,3.58384174836412,0.0,train
0.10536051565782635,0,1.517161591613385,0.0,train
0.3566749439387324,0,3.5061087467524232,0.0,train
0.22314355131420976,1,2.5862209618896683,1.0,train
0.5108256237659907,1,0.26731010628800494,1.0,train
0.5108256237659907,0,2.8779578525794935,0.0,train
0.22314355131420976,0,2.9580111259716086,0.0,train
0.3566749439387324,0,4.614085676043479,0.0,train
0.10536051565782635,0,1.434069744101831,0.0,train
0.10536051565782635,0,4.836699978564107,0.0,train
0.10536051565782635,0,3.128597651140708,0.0,train
0.3566749439387324,1,1.2949304319589654,1.0,train
0.10536051565782635,0,4.545859264852249,0.0,train
0.5108256237659907,2,0.40428755908900554,1.0,train
0.05129329438755048,0,3.1336244692409934,0.0,train
0.5108256237659907,0,1.5241792578475764,0.0,train
0.22314355131420976,0,1.5236234679849128,0.0,train
0.10536051565782635,0,2.1622702485598504,0.0,train
0.10536051565782635,0,2.97477611363329,0.0,train
0.5108256237659907,0,0.16095807353881209,0.0,train
0.10536051565782635,0,2.89480331759961,0.0,train
0.22314355131420976,0,2.1284204866140786,0.0,train
0.5108256237659907,0,0.9288234650666074,0.0,train
0.05129329438755048,0,3.0353064199086055,0.0,train
0.5108256237659907,0,1.1262367386480756,0.0,train
0.22314355131420976,0,3.27929957304724,0.0,train
0.22314355131420976,1,1.1888364821696926,1.0,train
0.3566749439387324,0,5.87726216790068,0.0,train
0.05129329438755048,0,3.5448328672255887,0.0,train
0.10536051565782635,0,3.9509742101221685,0.0,train
0.5108256237659907,0,0.5438400114071489,0.0,train
0.5108256237659907,1,0.28509481487037314,1.0,train
0.22314355131420976,0,5.846640486211781,0.0,train
0.5108256237659907,0,2.8988822795079257,0.0,train
0.05129329438755048,0,5.478836548616094,0.0,train
0.5108256237659907,3,0.8230899296254137,1.0,train
0.3566749439387324,0,1.8313668051217393,0.0,train
0.22314355131420976,1,0.5159511436145742,1.0,train
0.22314355131420976,2,0.19851603342658086,1.0,train
0.05129329438755048,0,0.7165237608437842,0.0,train
0.05129329438755048,1,0.6860669221430585,1.0,train
0.10536051565782635,0,3.065005046710457,0.0,train
0.10536051565782635,0,4.9167147377858855,0.0,train
0.10536051565782635,0,1.30693198118686,0.0,train
0.10536051565782635,0,1.3761075890863603,0.0,train
0.05129329438755048,0,1.4636282012763215,0.0,train
0.22314355131420976,0,4.972765303513135,0.0,train
0.5108256237659907,0,3.5588248727548857,0.0,train
0.5108256237659907,0,1.3389695107855453,0.0,train
0.3566749439387324,0,1.8020531963348612,0.0,train
0.05129329438755048,0,1.749520841590843,0.0,train
0.5108256237659907,0,5.315058450634789,0.0,train
0.5108256237659907,0,4.056211579852485,0.0,train
0.10536051565782635,0,0.2727887172886221,0.0,train
0.05129329438755048,0,0.5932278578432495,0.0,train
0.3566749439387324,0,5.009234542757612,0.0,train
0.3566749439387324,0,3.2297991095911174,0.0,train
0.5108256237659907,5,0.358564958944569,1.0,train
0.5108256237659907,0,3.8245875764032697,0.0,train
0.22314355131420976,0,2.9558713407358512,0.0,train
0.5108256237659907,0,5.188782823318268,0.0,train
0.3566749439387324,0,1.2018173745711267,0.0,train
0.3566749439387324,0,2.0560039568864044,0.0,train
0.5108256237659907,0,3.5392519642695706,0.0,train
0.22314355131420976,0,2.856569377966296,0.0,train
0.22314355131420976,0,3.4908955651050544,0.0,train
0.5108256237659907,0,0.3862383300136125,0.0,train
0.22314355131420976,0,5.172348314236488,0.0,train
0.5108256237659907,4,0.04755661322066875,1.0,train
0.10536051565782635,0,0.8000657079192595,0.0,train
0.3566749439387324,0,4.385358557369998,0.0,train
0.22314355131420976,0,3.5993565676513306,0.0,train
0.5108256237659907,0,5.5268162430169365,0.0,train
0.5108256237659907,1,0.6707121490003625,0.0,train
0.5108256237659907,0,5.875022081529349,0.0,train
0.05129329438755048,0,1.947923865695617,0.0,train
0.10536051565782635,0,0.7741400348841845,0.0,train
0.5108256237659907,0,4.779042575410072,0.0,train
0.5108256237659907,0,5.911132709970054,0.0,train
0.3566749439387324,0,0.34533554435221814,0.0,train
0.10536051565782635,0,1.3436177279993164,0.0,train
0.3566749439387324,0,2.2127424595515164,0.0,train
0.05129329438755048,0,0.2502103331894505,0.0,train
0.22314355131420976,0,5.987739529533937,0.0,train
0.5108256237659907,0,5.567938780122564,0.0,train
0.5108256237659907,0,2.5693762385546712,0.0,train
0.10536051565782635,0,5.963484021799644,0.0,train
0.05129329438755048,0,5.205727104280554,0.0,train
0.05129329438755048,0,0.9359771221262654,0.0,train
0.5108256237659907,0,4.318765381329312,0.0,train
0.05129329438755048,0,1.4564382640708333,0.0,train
0.22314355131420976,0,3.4586088423493755,0.0,train
0.10536051565782635,0,4.9028881999882925,0.0,train
0.22314355131420976,0,0.36563353273718135,0.0,train
0.10536051565782635,0,3.7429359876348562,0.0,train
0.05129329438755048,0,0.16393995957405827,0.0,train
0.22314355131420976,0,0.921485178346769,0.0,train
0.5108256237659907,2,0.1606815567767405,1.0,train
0.5108256237659907,0,1.939059086508822,0.0,train
0.3566749439387324,0,3.287587982855575,0.0,train
0.5108256237659907,0,3.511838009171101,0.0,train
0.10536051565782635,0,0.6866897022637892,0.0,train
0.05129329438755048,0,5.062252962982881,0.0,train
0.5108256237659907,1,1.6666487437302895,1.0,train
0.22314355131420976,0,1.8158025549980783,0.0,train
0.22314355131420976,2,0.017014069184370758,1.0,train
0.5108256237659907,0,4.520234482725692,0.0,train
0.10536051565782635,0,1.501804316349523,0.0,train
0.3566749439387324,0,0.5165009336574404,0.0,train
0.10536051565782635,0,0.8084686055237269,0.0,train
0.5108256237659907,1,1.2731542754383263,1.0,train
0.5108256237659907,0,2.4353091589223688,0.0,train
0.05129329438755048,0,4.871454656801539,0.0,train
0.22314355131420976,0,4.346408044929913,0.0,train
0.3566749439387324,0,2.6733872968337167,0.0,train
0.10536051565782635,0,0.6409026265927413,0.0,train
0.3566749439387324,0,0.5707685013371937,0.0,train
0.5108256237659907,0,3.785897555887588,0.0,train
0.10536051565782635,0,2.4765283143232093,0.0,train
0.10536051565782635,0,0.34013608830272,0.0,train
0.5108256237659907,1,0.24526240869864152,1.0,train
0.3566749439387324,0,4.866568928823772,0.0,train
0.22314355131420976,0,3.586739315501825,0.0,train
0.05129329438755048,0,2.860750559165405,0.0,train
0.10536051565782635,0,0.5060375823935208,0.0,train
0.3566749439387324,0,2.6309253176979315,0.0,train
0.05129329438755048,0,1.9895255163654746,0.0,train
0.05129329438755048,0,0.37314140021498843,0.0,train
0.3566749439387324,0,2.0678984021911115,0.0,train
0.3566749439387324,0,0.2725715684238179,0.0,train
0.3566749439387324,0,2.515604155858949,0.0,train
0.3566749439387324,0,5.365029415976556,0.0,train
0.10536051565782635,0,1.265160259725668,0.0,train
0.10536051565782635,0,3.3865398770599624,0.0,train
0.22314355131420976,2,0.6296287857846774,1.0,train
0.10536051565782635,0,4.563236641829394,0.0,train
0.3566749439387324,0,0.18457460868030418,0.0,train
0.10536051565782635,0,0.753525930329701,0.0,train
0.05129329438755048,0,0.8871295572952969,0.0,train
0.22314355131420976,0,3.1878730746307946,0.0,train
0.10536051565782635,0,4.485581540835534,0.0,train
0.05129329438755048,0,1.5773848999989366,0.0,train
0.10536051565782635,0,1.0368996285964618,0.0,train
0.22314355131420976,0,4.459535198281828,0.0,train
0.3566749439387324,1,0.05377164826856551,0.0,train
0.05129329438755048,0,4.101913286459016,0.0,train
0.05129329438755048,0,4.530278509728092,0.0,train
0.22314355131420976,0,5.382843460362636,0.0,train
0.10536051565782635,0,0.7768076519963063,0.0,train
0.10536051565782635,0,4.064225659904749,0.0,train
0.22314355131420976,1,0.6061875064883979,1.0,train
0.05129329438755048,0,1.7470851578457758,0.0,train
0.5108256237659907,0,0.9818509220541378,0.0,train
0.10536051565782635,0,1.7538815176888884,0.0,train
0.5108256237659907,4,0.28088671795313197,1.0,train
0.3566749439387324,0,1.050517124133504,0.0,train
0.10536051565782635,0,2.413885861890969,0.0,train
0.05129329438755048,0,3.320362679714147,0.0,train
0.05129329438755048,0,1.8153242972842272,0.0,train
0.3566749439387324,3,0.7568147117181863,1.0,train
0.5108256237659907,2,0.4849958024724195,1.0,train
0.22314355131420976,0,4.576001266996686,0.0,train
0.5108256237659907,0,5.657983686232139,0.0,train
0.3566749439387324,1,2.4996160350310683,0.0,train
0.05129329438755048,0,3.230677198079478,0.0,train
0.22314355131420976,0,5.972607764103994,0.0,train
0.22314355131420976,0,4.990957235987554,0.0,train
0.05129329438755048,0,4.609143795903773,0.0,train
0.05129329438755048,0,2.4785075667985677,0.0,train
0.10536051565782635,0,1.0769114030145652,0.0,train
0.3566749439387324,1,0.8510608950816276,1.0,train
0.3566749439387324,0,1.8609369521512344,0.0,train
0.10536051565782635,0,3.134389051663785,0.0,train
0.3566749439387324,0,2.078556445198007,0.0,train
0.5108256237659907,2,0.16147383837368506,1.0,train
0.5108256237659907,4,0.5169949524319761,1.0,train
0.5108256237659907,1,0.37440883928447305,1.0,train
0.3566749439387324,0,0.9345846921509473,0.0,train
0.5108256237659907,0,1.6322157164472384,0.0,train
0.5108256237659907,0,3.0213562194150096,0.0,train
0.5108256237659907,3,1.24118153889281,1.0,train
0.10536051565782635,0,3.477971587234485,0.0,train
0.10536051565782635,0,4.7957132966999625,0.0,train
0.05129329438755048,0,5.355044463499002,0.0,train
0.3566749439387324,0,1.0751929778421336,0.0,train
0.05129329438755048,0,2.6458095498268666,0.0,train
0.10536051565782635,0,2.5979241544760057,0.0,train
0.5108256237659907,0,5.407590900847522,0.0,train
0.22314355131420976,7,0.033804284793801154,1.0,train
0.10536051565782635,0,4.072662469357502,0.0,train
0.05129329438755048,0,5.049699921490422,0.0,train
0.22314355131420976,0,5.453945453127045,0.0,train
0.10536051565782635,0,2.552826957703136,0.0,train
0.22314355131420976,0,2.791794126677107,0.0,train
0.05129329438755048,0,5.246318997697876,0.0,train
0.10536051565782635,0,0.4804797422589624,0.0,train
0.3566749439387324,0,3.150046306075846,0.0,train
0.5108256237659907,0,0.15905752260838968,0.0,train
0.22314355131420976,0,1.2865278690055195,0.0,train
0.5108256237659907,0,4.330587246894511,0.0,train
0.5108256237659907,2,0.2516100277273987,1.0,train
0.22314355131420976,1,0.0036324576857785468,1.0,train
0.10536051565782635,0,0.07288204720618441,0.0,train
0.5108256237659907,1,1.1398293784141844,0.0,train
0.05129329438755048,0,5.021660663562425,0.0,train
0.3566749439387324,0,2.7750143644943392,0.0,train
0.3566749439387324,1,0.13246650202216315,0.0,train
0.05129329438755048,0,0.5129612629862002,0.0,train
0.3566749439387324,0,5.42112986047332,0.0,train
0.5108256237659907,0,1.9676394956954553,0.0,train
0.22314355131420976,2,0.05144764891537568,0.0,train
0.5108256237659907,0,3.362429347095076,0.0,train
0.22314355131420976,1,0.09956063845710919,1.0,train
0.10536051565782635,0,4.126289139067093,0.0,train
0.05129329438755048,0,0.29193191431819,0.0,train
0.5108256237659907,0,2.9186872708173315,0.0,train
0.5108256237659907,0,5.573707317188271,0.0,train
0.22314355131420976,0,3.910504878230244,0.0,train
0.10536051565782635,0,1.1368001345965346,0.0,train
0.22314355131420976,0,4.770252948345521,0.0,train
0.5108256237659907,0,0.13006387118067408,0.0,train
0.22314355131420976,0,0.04130314136338087,0.0,train
0.3566749439387324,0,5.720395172383432,0.0,train
0.5108256237659907,0,2.017729663547528,0.0,train
0.5108256237659907,4,0.14896014211387168,1.0,train
0.05129329438755048,0,3.12681567134089,0.0,train
0.10536051565782635,0,3.6964695451572203,0.0,train
0.3566749439387324,0,3.323751221949592,0.0,train
0.22314355131420976,0,3.7516500545776625,0.0,train
0.5108256237659907,0,0.22524602010011452,0.0,train
0.5108256237659907,1,0.4205709770866837,0.0,train
0.3566749439387324,0,3.493686651460391,0.0,train
0.05129329438755048,0,4.445286001083534,0.0,train
0.10536051565782635,0,1.4643563017345518,0.0,train
0.3566749439387324,1,0.11522036588576103,1.0,train
0.10536051565782635,0,0.06003358629021771,0.0,train
0.5108256237659907,0,2.835360012508609,0.0,train
0.3566749439387324,0,2.811475424153784,0.0,train
0.22314355131420976,0,5.416426155948646,0.0,train
0.3566749439387324,0,0.2453362411679616,0.0,train
0.22314355131420976,0,1.873445408253279,0.0,train
0.3566749439387324,0,5.776827647475961,0.0,train
0.10536051565782635,1,1.0186990735469466,1.0,train
0.05129329438755048,0,5.531110506708435,0.0,train
0.5108256237659907,4,0.10356691082171474,1.0,train
0.22314355131420976,0,0.9012201206351187,0.0,train
0.5108256237659907,3,0.0654681866268957,1.0,train
0.22314355131420976,0,4.989772477775598,0.0,train
0.10536051565782635,0,2.9655070339373237,0.0,train
0.05129329438755048,0,1.9004557053633666,0.0,train
0.5108256237659907,0,0.7464994478830189,0.0,train
0.10536051565782635,0,4.574424350612781,0.0,train
0.22314355131420976,0,5.050875887437693,0.0,train
0.5108256237659907,0,4.0574082792482224,0.0,train
0.10536051565782635,0,4.323732436123316,0.0,train
0.05129329438755048,0,2.588865141732531,0.0,train
0.05129329438755048,0,3.8244260210968193,0.0,train
0.5108256237659907,0,1.9707545530038457,0.0,train
0.3566749439387324,0,4.427611379831438,0.0,train
0.05129329438755048,0,0.8218913529506675,0.0,train
0.5108256237659907,0,4.456803445240629,0.0,train
0.22314355131420976,0,1.4684042999918954,0.0,train
0.22314355131420976,0,2.9761375926837186,0.0,train
0.5108256237659907,4,0.2768904024381448,1.0,train
0.5108256237659907,0,3.554059912055086,0.0,train
0.3566749439387324,1,0.3207130013228744,1.0,train
0.5108256237659907,0,2.120237923926899,0.0,train
0.22314355131420976,0,2.564271343040752,0.0,train
0.22314355131420976,0,4.4707044217693115,0.0,train
0.22314355131420976,0,4.307032206546474,0.0,train
0.05129329438755048,0,2.8742963608935024,0.0,train
0.10536051565782635,0,0.5041665198710938,0.0,train
0.3566749439387324,0,4.033555028843852,0.0,train
0.3566749439387324,0,5.369531683516591,0.0,train
0.05129329438755048,0,5.304024799783447,0.0,train
0.5108256237659907,1,1.8149103827405926,1.0,train
0.10536051565782635,0,4.058940675212002,0.0,train
0.5108256237659907,3,0.04140331530226108,1.0,train
0.22314355131420976,0,3.4014030773269486,0.0,train
0.5108256237659907,10,0.006861571438715521,1.0,train
0.5108256237659907,0,2.5806334238372024,0.0,train
0.3566749439387324,0,0.7905492318782237,0.0,train
0.22314355131420976,1,0.18684331977379695,1.0,train
0.5108256237659907,0,3.6023180669026122,0.0,train
0.05129329438755048,0,5.945124040153043,0.0,train
0.3566749439387324,3,0.965985404696164,1.0,train
0.10536051565782635,0,4.335210624171968,0.0,train
0.3566749439387324,1,1.2564290057083718,1.0,train
0.10536051565782635,1,0.5035658517403193,1.0,train
0.05129329438755048,0,2.600035006486014,0.0,train
0.5108256237659907,0,3.716726342752004,0.0,train
0.5108256237659907,5,0.08388453378596705,1.0,train
0.10536051565782635,0,3.463325440233465,0.0,train
0.10536051565782635,0,3.4421865493505504,0.0,train
0.10536051565782635,0,4.3444044373260695,0.0,train
0.22314355131420976,0,2.619764046897286,0.0,train
0.10536051565782635,0,0.16215656360100517,0.0,train
0.22314355131420976,0,2.8564983998915774,0.0,train
0.05129329438755048,0,5.938566627047869,0.0,train
0.10536051565782635,0,2.710332137234746,0.0,train
0.5108256237659907,0,3.165304733756818,0.0,train
0.3566749439387324,1,1.2863696367595467,1.0,train
0.10536051565782635,0,2.8631327500859314,0.0,train
0.10536051565782635,0,5.154013760787614,0.0,train
0.22314355131420976,0,0.13542402948029997,0.0,train
0.5108256237659907,2,0.13826588411678906,1.0,train
0.5108256237659907,0,5.809155368272219,0.0,train
0.22314355131420976,0,0.8807080860382679,0.0,train
0.5108256237659907,3,0.9835211289347414,1.0,train
0.10536051565782635,0,5.177594073832755,0.0,train
0.05129329438755048,0,3.534451398422542,0.0,train
0.5108256237659907,0,2.5848113844670086,0.0,train
0.10536051565782635,0,0.7583779775188384,0.0,train
0.5108256237659907,1,0.30714098398863204,1.0,train
0.10536051565782635,0,1.1868670310336369,0.0,train
0.22314355131420976,1,0.558535361418499,1.0,train
0.22314355131420976,0,1.7935976608372874,0.0,train
0.10536051565782635,0,2.917610323671696,0.0,train
0.3566749439387324,0,0.4596750923183235,0.0,train
0.05129329438755048,0,4.420846969722195,0.0,train
0.10536051565782635,0,3.865774568398027,0.0,train
0.22314355131420976,0,3.1803993221176343,0.0,train
0.3566749439387324,0,0.534113338318305,0.0,train
0.10536051565782635,0,1.6932627336264257,0.0,train
0.3566749439387324,1,0.0977215113943018,1.0,train
0.22314355131420976,0,5.240757366266832,0.0,train
0.05129329438755048,0,1.6350064370018753,0.0,train
0.3566749439387324,0,5.620789417984267,0.0,train
0.10536051565782635,0,1.4314737857034168,0.0,train
0.10536051565782635,0,1.7924228286035273,0.0,train
0.3566749439387324,0,2.5510367980474875,0.0,train
0.10536051565782635,0,1.424895312746487,0.0,train
0.22314355131420976,0,0.027736400295806485,0.0,train
0.22314355131420976,0,1.2401964646111616,0.0,train
0.3566749439387324,0,5.056947858118219,0.0,train
0.3566749439387324,0,4.580112143539604,0.0,train
0.5108256237659907,0,1.8240739877320293,0.0,train
0.05129329438755048,0,0.44484271001669096,0.0,train
0.5108256237659907,7,0.03623957583841703,1.0,train
0.3566749439387324,2,0.2939894126611548,1.0,train
0.5108256237659907,2,0.30690344901769495,0.0,train
0.3566749439387324,0,5.529715552067688,0.0,train
0.3566749439387324,0,3.8572000273705966,0.0,train
0.5108256237659907,0,4.796589493737552,0.0,train
0.10536051565782635,0,0.5482155601461165,0.0,train
0.3566749439387324,0,3.470907209536266,0.0,train
0.3566749439387324,1,1.1651836249559318,1.0,train
0.05129329438755048,0,1.1830492068450609,0.0,train
0.05129329438755048,0,1.4160333760409303,0.0,train
0.10536051565782635,0,5.996181927428561,0.0,train
0.05129329438755048,1,0.9413741934539384,1.0,train
0.22314355131420976,0,2.08794518150539,0.0,train
0.22314355131420976,1,0.5913146395999341,1.0,train
0.22314355131420976,0,2.217358148566497,0.0,train
0.5108256237659907,5,0.13946103379731775,1.0,train
0.22314355131420976,0,5.075778873513926,0.0,train
0.10536051565782635,0,0.16492524420608334,0.0,train
0.22314355131420976,1,0.8782087217086763,1.0,train
0.10536051565782635,0,2.320239294405356,0.0,train
0.3566749439387324,0,0.4787507638430557,0.0,train
0.10536051565782635,0,4.679495016824596,0.0,train
0.5108256237659907,6,0.07251003713644369,1.0,train
0.10536051565782635,0,0.05363263584942768,0.0,train
0.5108256237659907,0,1.0593699701030788,0.0,train
0.10536051565782635,1,0.6858032869843194,1.0,train
0.22314355131420976,1,1.164099984563613,1.0,train
0.3566749439387324,0,1.7113160805535794,0.0,train
0.5108256237659907,0,2.340760635604755,0.0,train
0.5108256237659907,0,4.599614172983479,0.0,train
0.5108256237659907,2,0.4212135734409107,1.0,train
0.5108256237659907,0,4.778405968173201,0.0,train
0.10536051565782635,0,2.989273923640196,0.0,train
0.10536051565782635,0,3.2439028798765426,0.0,train
0.5108256237659907,0,5.166774894082975,0.0,train
0.5108256237659907,0,3.041803400556307,0.0,train
0.05129329438755048,0,0.29633971997838504,0.0,train
0.3566749439387324,0,0.3088687835126369,0.0,train
0.05129329438755048,0,0.3229683652214057,0.0,train
0.05129329438755048,0,4.5767318137823185,0.0,train
0.5108256237659907,0,4.7125010063693775,0.0,train
0.10536051565782635,0,1.2126219131988818,0.0,train
0.10536051565782635,0,0.7415680935554012,0.0,train
0.5108256237659907,1,1.3249345012951352,1.0,train
0.3566749439387324,0,5.681221336791548,0.0,train
0.10536051565782635,0,1.2856928186354346,0.0,train
0.22314355131420976,0,4.145075076594341,0.0,train
0.22314355131420976,0,0.7351423310732077,0.0,train
0.22314355131420976,0,0.16036590108584203,0.0,train
0.05129329438755048,0,3.837183618853963,0.0,train
0.5108256237659907,3,0.41438690795891686,1.0,train
0.3566749439387324,0,4.8975128765847264,0.0,train
0.10536051565782635,0,3.157824771516213,0.0,train
0.05129329438755048,0,1.0202161565021224,0.0,train
0.22314355131420976,0,3.325683866524881,0.0,train
0.05129329438755048,0,5.019299798294572,0.0,train
0.05129329438755048,0,0.6878934914208625,0.0,train
0.3566749439387324,0,1.9716883133120906,0.0,train
0.3566749439387324,1,0.11283766956817712,1.0,train
0.10536051565782635,0,3.6751731916810986,0.0,train
0.3566749439387324,0,1.9221206278337533,0.0,train
0.5108256237659907,0,1.2058485216506465,0.0,train
0.05129329438755048,0,3.996699312130538,0.0,train
0.10536051565782635,0,3.233239460420412,0.0,train
0.22314355131420976,0,2.288149279496119,0.0,train
0.5108256237659907,0,2.9653418818537753,0.0,train
0.22314355131420976,2,0.4887045866114853,1.0,train
0.22314355131420976,0,3.621164814507954,0.0,train
0.10536051565782635,0,5.314695537778762,0.0,train
0.22314355131420976,0,3.58333189234677,0.0,train
0.10536051565782635,0,3.8735672321872316,0.0,train
0.05129329438755048,0,5.702773378085344,0.0,train
0.05129329438755048,0,4.318278235184921,0.0,train
0.3566749439387324,0,3.682254438155586,0.0,train
0.3566749439387324,0,4.007816635947256,0.0,train
0.10536051565782635,0,5.157632894154578,0.0,train
0.05129329438755048,0,2.628203316512976,0.0,train
0.05129329438755048,0,3.8535714975398587,0.0,train
0.3566749439387324,0,4.330685278950783,0.0,train
0.5108256237659907,0,5.657745499432815,0.0,train
0.5108256237659907,1,0.18972636716893593,1.0,train
0.3566749439387324,0,4.807541380936737,0.0,train
0.3566749439387324,0,4.979375366410206,0.0,train
0.05129329438755048,0,2.8100350161005982,0.0,train
0.05129329438755048,0,3.9819557893761592,0.0,train
0.5108256237659907,2,0.8476397149949919,0.0,train
0.5108256237659907,0,2.213564823661139,0.0,train
0.22314355131420976,0,1.778429528330857,0.0,train
0.05129329438755048,0,2.960612500101682,0.0,train
0.3566749439387324,3,0.16918939608382186,1.0,train
0.10536051565782635,2,0.19961315736058038,0.0,train
0.10536051565782635,0,5.448163303958235,0.0,train
0.10536051565782635,0,0.447783632242879,0.0,train
0.10536051565782635,0,0.5801009055371766,0.0,train
0.22314355131420976,0,4.03088905272713,0.0,train
0.5108256237659907,0,0.6794004085567182,0.0,train
0.22314355131420976,0,2.5223430403106724,0.0,train
0.5108256237659907,0,1.1218651280297383,0.0,train
0.22314355131420976,0,1.0201129248329561,0.0,train
0.3566749439387324,0,2.6376604796229484,0.0,train
0.22314355131420976,0,3.158541749812665,0.0,train
0.3566749439387324,1,1.3706660469564382,1.0,train
0.5108256237659907,2,0.2696661672347048,1.0,train
0.22314355131420976,0,0.8131974191078271,0.0,train
0.3566749439387324,0,2.769118661246371,0.0,train
0.5108256237659907,1,0.9911221516585444,1.0,train
0.3566749439387324,1,0.1280931733963326,1.0,train
0.10536051565782635,0,2.9000335464038827,0.0,train
0.3566749439387324,3,0.25706903841650586,1.0,train
0.10536051565782635,0,3.379324412230325,0.0,train
0.05129329438755048,0,1.2540942707594371,0.0,train
0.05129329438755048,0,1.777497219685959,0.0,train
0.5108256237659907,0,0.346918007234841,0.0,train
0.10536051565782635,0,1.9027797147538148,0.0,train
0.10536051565782635,0,1.2106140878436735,0.0,train
0.3566749439387324,0,0.8084142922979047,0.0,train
0.22314355131420976,0,1.703079387217093,0.0,train
0.5108256237659907,2,0.4637738471288612,1.0,train
0.10536051565782635,0,0.005507304122626788,0.0,train
0.10536051565782635,0,1.1651712051997367,0.0,train
0.05129329438755048,0,3.011603501640607,0.0,train
0.3566749439387324,1,1.1228030234589668,0.0,train
0.22314355131420976,0,2.697423489499508,0.0,train
0.10536051565782635,1,0.4909431172521613,1.0,train
0.3566749439387324,0,2.0971174419494063,0.0,train
0.3566749439387324,1,0.7598166418655103,1.0,train
0.3566749439387324,0,1.9958669361420092,0.0,train
0.05129329438755048,1,0.13040094846358075,1.0,train
0.05129329438755048,0,4.688869104883227,0.0,train
0.3566749439387324,0,0.6649704019976137,0.0,train
0.10536051565782635,0,4.298275182903225,0.0,train
0.3566749439387324,0,1.1409797261806662,0.0,train
0.3566749439387324,2,1.0384524419645575,1.0,train
0.5108256237659907,1,0.6864878271668007,1.0,train
0.5108256237659907,3,0.4268469915045154,1.0,train
0.22314355131420976,0,1.2416797993392696,0.0,train
0.05129329438755048,0,0.8141624436110402,0.0,train
0.3566749439387324,0,1.7524924019288732,0.0,train
0.22314355131420976,0,1.2438192314531755,0.0,train
0.10536051565782635,0,3.8176693882028627,0.0,train
0.5108256237659907,0,3.7960055744160504,0.0,train
0.05129329438755048,0,0.0806846278832789,0.0,train
0.5108256237659907,3,0.05332300111065899,1.0,train
0.22314355131420976,0,1.7357914715403049,0.0,train
0.10536051565782635,0,4.830891382405024,0.0,train
0.5108256237659907,1,1.7182306418550917,1.0,train
0.10536051565782635,0,3.7859726627454204,0.0,train
0.3566749439387324,0,0.21649794799567634,0.0,train
0.5108256237659907,0,3.3360343947999564,0.0,train
0.22314355131420976,0,5.267763095682718,0.0,train
0.05129329438755048,0,1.5924194472720086,0.0,train
0.22314355131420976,0,4.126944939073175,0.0,train
0.05129329438755048,0,5.8153577102021625,0.0,train
0.5108256237659907,1,0.46480262177192433,0.0,train
0.05129329438755048,0,2.158431500195136,0.0,train
0.5108256237659907,1,2.0230981596687285,1.0,train
0.10536051565782635,0,0.24911615238499407,0.0,train
0.22314355131420976,0,4.646089084443007,0.0,train
0.22314355131420976,0,5.174619364395833,0.0,train
0.5108256237659907,0,5.1556771890630095,0.0,train
0.05129329438755048,0,1.471045813154332,0.0,train
0.10536051565782635,0,0.6745436595285534,0.0,train
0.10536051565782635,0,1.3600138611058972,0.0,train
0.3566749439387324,0,2.3218161031035693,0.0,train
0.05129329438755048,0,2.83367963109214,0.0,train
0.22314355131420976,0,4.440199974249072,0.0,train
0.05129329438755048,0,0.9317130257395996,0.0,train
0.3566749439387324,0,0.6774612468028474,0.0,train
0.05129329438755048,0,0.25764038708656667,0.0,train
0.05129329438755048,1,0.6649188436715989,1.0,train
0.22314355131420976,0,0.31730330774346815,0.0,train
0.10536051565782635,0,3.430352060369038,0.0,train
0.3566749439387324,0,0.971168777025647,0.0,train
0.05129329438755048,0,1.0279665610331619,0.0,train
0.05129329438755048,0,0.006753044301331945,0.0,train
0.22314355131420976,0,1.9341927795708902,0.0,train
0.5108256237659907,0,2.832723881052634,0.0,train
0.3566749439387324,0,3.094324615289267,0.0,train
0.10536051565782635,0,0.13113745957020062,0.0,train
0.10536051565782635,0,1.1207214996634054,0.0,train
0.05129329438755048,0,3.410945891355383,0.0,train
0.5108256237659907,3,0.1560517851894765,1.0,train
0.5108256237659907,0,1.2213442252130304,0.0,train
0.22314355131420976,0,1.9595751936756747,0.0,train
0.5108256237659907,1,2.0626226269594956,1.0,train
0.05129329438755048,0,3.603136954020261,0.0,train
0.10536051565782635,0,4.32929474166043,0.0,train
0.5108256237659907,0,0.8597307244171677,0.0,train
0.05129329438755048,0,3.655707232150597,0.0,train
0.3566749439387324,0,1.6365423323688086,0.0,train
0.10536051565782635,0,2.0646512514040403,0.0,train
0.5108256237659907,1,0.030800434431860226,1.0,train
0.5108256237659907,0,3.6343796392736105,0.0,train
0.22314355131420976,0,2.4651828111585905,0.0,train
0.22314355131420976,0,3.494323398896977,0.0,train
0.5108256237659907,13,0.07644615363022648,1.0,train
0.10536051565782635,2,0.11600713402303771,1.0,train
0.5108256237659907,0,2.989978658314101,0.0,train
0.05129329438755048,0,4.584536697132433,0.0,train
0.5108256237659907,0,2.556910577627842,0.0,train
0.22314355131420976,0,5.36046333014637,0.0,val
0.3566749439387324,0,0.15612753733914908,0.0,val
0.05129329438755048,0,0.22288192533283913,0.0,val
0.22314355131420976,0,2.4486832083029464,0.0,val
0.22314355131420976,0,4.915843270586128,0.0,val
0.5108256237659907,0,2.9785210412821694,0.0,val
0.22314355131420976,0,5.370389737909365,0.0,val
0.22314355131420976,0,2.1646621402672084,0.0,val
0.3566749439387324,0,0.7667855519987261,0.0,val
0.05129329438755048,0,3.89703960227192,0.0,val
0.3566749439387324,0,0.27964151409883176,0.0,val
0.10536051565782635,0,2.6719998193905887,0.0,val
0.05129329438755048,0,2.5423140830215587,0.0,val
0.3566749439387324,0,0.1787630439307355,0.0,val
0.3566749439387324,0,1.9275727366272728,0.0,val
0.5108256237659907,0,0.7129975640078061,0.0,val
0.5108256237659907,0,1.6604169756203524,0.0,val
0.22314355131420976,0,4.826894385202677,0.0,val
0.5108256237659907,0,0.23327181896461435,0.0,val
0.05129329438755048,0,3.527348248099016,0.0,val
0.5108256237659907,3,0.022236133882380573,1.0,val
0.5108256237659907,0,0.13954082154278868,0.0,val
0.3566749439387324,3,0.16957210702379877,1.0,val
0.05129329438755048,0,4.781749535858641,0.0,val
0.3566749439387324,0,2.4777714923039817,0.0,val
0.3566749439387324,0,2.58221983434204,0.0,val
0.5108256237659907,1,1.4053348057417459,1.0,val
0.3566749439387324,0,5.484480778049598,0.0,val
0.05129329438755048,0,5.163829694385571,0.0,val
0.5108256237659907,0,1.5756914950318246,0.0,val
0.5108256237659907,0,1.8851338140076555,0.0,val
0.5108256237659907,0,1.4620249661010427,0.0,val
0.5108256237659907,0,3.668517000764527,0.0,val
0.10536051565782635,0,4.504938687635229,0.0,val
0.10536051565782635,0,1.5235996107961622,0.0,val
0.5108256237659907,0,5.396924578286995,0.0,val
0.05129329438755048,0,0.6543993635331393,0.0,val
0.5108256237659907,1,0.004616987295535699,1.0,val
0.22314355131420976,0,2.9233955479520275,0.0,val
0.22314355131420976,0,0.9379764081898798,0.0,val
0.05129329438755048,0,4.333920505817876,0.0,val
0.3566749439387324,1,0.456571619753972,1.0,val
0.22314355131420976,1,1.453797347130174,1.0,val
0.05129329438755048,0,2.4795336596628506,0.0,val
0.5108256237659907,1,0.20286149149142851,1.0,val
0.10536051565782635,0,2.3436932979603613,0.0,val
0.22314355131420976,0,4.2552329394774775,0.0,val
0.05129329438755048,0,2.4799561430466746,0.0,val
0.3566749439387324,0,0.8596984683539859,0.0,val
0.5108256237659907,0,3.0581476193646875,0.0,val
0.22314355131420976,0,4.870405233359715,0.0,val
0.22314355131420976,4,0.33911189360809413,1.0,val
0.5108256237659907,0,2.116764354161341,0.0,val
0.3566749439387324,0,1.9872072575864608,0.0,val
0.22314355131420976,0,3.691178124657273,0.0,val
0.10536051565782635,0,2.222696632098963,0.0,val
0.5108256237659907,1,0.61993079376559,1.0,val
0.10536051565782635,0,1.0105015640819572,0.0,val
0.10536051565782635,1,0.7872348181601936,1.0,val
0.5108256237659907,1,0.06821385480813459,1.0,val
0.10536051565782635,0,5.308532978815661,0.0,val
0.3566749439387324,1,1.1056640958978967,1.0,val
0.10536051565782635,0,5.480178504780408,0.0,val
0.3566749439387324,0,3.5601285260596907,0.0,val
0.3566749439387324,0,4.726111070418273,0.0,val
0.5108256237659907,7,0.015433840584138067,1.0,val
0.5108256237659907,0,0.41266208515654235,0.0,val
0.05129329438755048,0,5.063102779256074,0.0,val
0.3566749439387324,0,5.68054133368275,0.0,val
0.22314355131420976,0,3.108480457342404,0.0,val
0.10536051565782635,0,0.3268460727008584,0.0,val
0.22314355131420976,0,4.096505314443924,0.0,val
0.5108256237659907,1,1.9007150534213946,0.0,val
0.22314355131420976,0,0.5273609892515183,0.0,val
0.5108256237659907,1,0.8609554186146584,1.0,val
0.10536051565782635,0,5.087296324852554,0.0,val
0.05129329438755048,0,1.8191496447520847,0.0,val
0.3566749439387324,1,0.7990452618235668,1.0,val
0.3566749439387324,0,3.025962728896009,0.0,val
0.05129329438755048,0,2.0556245684329135,0.0,val
0.22314355131420976,0,1.6926710001269825,0.0,val
0.5108256237659907,0,5.321649581438791,0.0,val
0.05129329438755048,0,3.4226246713847845,0.0,val
0.10536051565782635,0,2.668393760930562,0.0,val
0.3566749439387324,0,3.5742573440441836,0.0,val
0.3566749439387324,0,2.3219278081583394,0.0,val
0.3566749439387324,0,5.22937995298849,0.0,val
0.3566749439387324,0,0.5008034926305476,0.0,val
0.10536051565782635,0,3.9855277512296663,0.0,val
0.05129329438755048,0,3.2122211252591244,0.0,val
0.5108256237659907,0,1.7180818959932596,0.0,val
0.05129329438755048,0,3.5376501744809676,0.0,val
0.5108256237659907,0,5.297490871856833,0.0,val
0.3566749439387324,0,2.638098542637687,0.0,val
0.22314355131420976,0,2.6668304324246854,0.0,val
0.5108256237659907,0,3.7664574826010098,0.0,val
0.3566749439387324,0,1.3128939931232,0.0,val
0.22314355131420976,0,0.21461912686607065,0.0,val
0.5108256237659907,0,1.8501902398807146,0.0,val
0.05129329438755048,0,5.036030008650419,0.0,val
0.05129329438755048,0,2.8541901612148575,0.0,val
0.05129329438755048,0,4.070510701601746,0.0,val
0.10536051565782635,0,2.3059032866557914,0.0,val
0.22314355131420976,0,1.8759085817467591,0.0,val
0.05129329438755048,0,1.3861982704886957,0.0,val
0.10536051565782635,0,4.732647216673835,0.0,val
0.05129329438755048,0,4.32100127403762,0.0,val
0.22314355131420976,0,1.2070003324509877,0.0,val
0.5108256237659907,0,2.7523583944499146,0.0,val
0.5108256237659907,1,0.2296500808368269,1.0,val
0.22314355131420976,0,5.42315595676573,0.0,val
0.05129329438755048,0,1.3772609817335497,0.0,val
0.10536051565782635,0,4.834107400156444,0.0,val
0.05129329438755048,0,4.290155212124909,0.0,val
0.05129329438755048,0,3.5091935313491995,0.0,val
0.3566749439387324,0,4.555470515465005,0.0,val
0.5108256237659907,9,0.0717091984108512,1.0,val
0.22314355131420976,1,0.36209477563202647,1.0,val
0.05129329438755048,0,0.9958656105028636,0.0,val
0.5108256237659907,3,0.18348570165966194,1.0,val
0.3566749439387324,2,0.20179861458958204,1.0,val
0.22314355131420976,0,2.6923873413038395,0.0,val
0.22314355131420976,0,3.186849330966864,0.0,val
0.22314355131420976,0,2.8554333065851485,0.0,val
0.05129329438755048,0,0.8924238648496567,0.0,val
0.10536051565782635,0,4.569422035699606,0.0,val
0.10536051565782635,0,3.6738841865496914,0.0,val
0.3566749439387324,0,3.274958442461117,0.0,val
0.05129329438755048,0,3.513597124407967,0.0,val
0.05129329438755048,0,0.8801654208796486,0.0,val
0.22314355131420976,0,2.4598489223979785,0.0,val
0.10536051565782635,0,3.0681255979057305,0.0,val
0.3566749439387324,0,0.6208275974505324,0.0,val
0.10536051565782635,0,0.3845728221199465,0.0,val
0.05129329438755048,0,2.102897810334187,0.0,val
0.3566749439387324,1,2.0389502380257394,0.0,val
0.3566749439387324,0,5.137543817876529,0.0,val
0.05129329438755048,0,0.8825681286397924,0.0,val
0.22314355131420976,0,1.593885215872532,0.0,val
0.10536051565782635,0,2.8944082869475007,0.0,val
0.22314355131420976,0,5.8028628545619885,0.0,val
0.5108256237659907,4,0.1321278038184913,1.0,val
0.10536051565782635,0,1.8920402405848824,0.0,val
0.05129329438755048,0,4.762899849415435,0.0,val
0.05129329438755048,0,3.0504956221981203,0.0,val
0.10536051565782635,1,0.48690191985281683,1.0,val
0.05129329438755048,0,2.1461315034145807,0.0,val
0.5108256237659907,2,0.2227247396609528,1.0,val
0.05129329438755048,0,0.07858884322449455,0.0,val
0.5108256237659907,0,3.0998431029592597,0.0,val
0.3566749439387324,0,5.89962290372768,0.0,val
0.05129329438755048,0,5.920933862868649,0.0,val
0.3566749439387324,0,3.022869620668801,0.0,val
0.10536051565782635,0,3.7524160165974507,0.0,val
0.10536051565782635,0,4.577089602281996,0.0,val
0.5108256237659907,0,0.5989928060931544,0.0,val
0.10536051565782635,0,0.4985037780724153,0.0,val
0.5108256237659907,0,1.3888219542031857,0.0,val
0.05129329438755048,0,0.41650097713384127,0.0,val
0.10536051565782635,0,1.3386101909099404,0.0,val
0.05129329438755048,0,4.095974317846103,0.0,val
0.3566749439387324,0,0.6471384836647742,0.0,val
0.10536051565782635,0,3.1860391083241386,0.0,val
0.22314355131420976,0,2.77839475053291,0.0,val
0.10536051565782635,0,5.30216299226231,0.0,val
0.10536051565782635,0,4.936856975905917,0.0,val
0.10536051565782635,0,5.339712397745855,0.0,val
0.5108256237659907,0,0.34531891153284566,0.0,val
0.3566749439387324,0,4.317274977340363,0.0,val
0.3566749439387324,0,0.6584271583994095,0.0,val
0.5108256237659907,0,4.201698056396914,0.0,val
0.05129329438755048,0,0.5789785670435426,0.0,val
0.3566749439387324,0,4.232028217314207,0.0,val
0.22314355131420976,0,2.5389043047610933,0.0,val
0.22314355131420976,0,3.705421882353461,0.0,val
0.3566749439387324,0,4.183387613205985,0.0,val
0.10536051565782635,0,5.082092957722698,0.0,val
0.3566749439387324,2,1.3069612743224657,1.0,val
0.10536051565782635,0,0.4867570317133689,0.0,val
0.5108256237659907,4,0.5818645294134444,1.0,val
0.05129329438755048,0,3.5464899011485334,0.0,val
0.5108256237659907,0,3.4347148662792124,0.0,val
0.5108256237659907,2,0.23799308948226658,1.0,val
0.05129329438755048,0,2.3519371687859314,0.0,val
0.22314355131420976,0,0.8756448788712734,0.0,val
0.22314355131420976,0,5.0079824579083905,0.0,val
0.5108256237659907,0,2.7036873333949734,0.0,val
0.22314355131420976,0,0.18552742067228634,0.0,val
0.05129329438755048,0,5.359772282346773,0.0,val
0.5108256237659907,0,1.0223113930297116,0.0,val
0.3566749439387324,0,3.9630617467701534,0.0,val
0.3566749439387324,0,1.357745834973541,0.0,val
0.3566749439387324,0,1.8082589580990043,0.0,val
0.3566749439387324,1,0.023312917433684105,1.0,val
0.3566749439387324,0,3.837382528677016,0.0,val
0.05129329438755048,0,5.819072341777828,0.0,val
0.5108256237659907,0,1.7587896676243544,0.0,val
0.10536051565782635,0,1.7899428528408625,0.0,val
0.5108256237659907,1,2.1488335475100757,0.0,val
0.05129329438755048,0,5.35317432344036,0.0,val
0.3566749439387324,0,4.756161257998844,0.0,val
0.3566749439387324,1,1.408385495364066,1.0,val
0.5108256237659907,0,0.8551051961768679,0.0,val
0.10536051565782635,0,5.508826637623844,0.0,val
0.05129329438755048,0,4.364077018948371,0.0,val
0.22314355131420976,2,0.21384518419530155,1.0,val
0.22314355131420976,0,4.854263734371656,0.0,val
0.05129329438755048,0,2.6841544969106508,0.0,val
0.05129329438755048,0,5.782388665051853,0.0,val
0.22314355131420976,0,5.344940442917801,0.0,val
0.22314355131420976,4,0.2360074377216773,1.0,val
0.22314355131420976,1,0.5072011124431985,1.0,val
0.3566749439387324,0,4.611279646093236,0.0,val
0.5108256237659907,0,3.165867250317254,0.0,val
0.3566749439387324,1,0.20656252112936796,1.0,test
0.5108256237659907,6,0.2657076425339036,1.0,test
0.05129329438755048,0,0.1765644349861999,0.0,test
0.10536051565782635,0,4.6837327110787035,0.0,test
0.22314355131420976,0,1.6399072905324297,0.0,test
0.3566749439387324,0,0.7406274614884403,0.0,test
0.5108256237659907,0,1.8423144838978873,0.0,test
0.22314355131420976,0,4.335524647909825,0.0,test
0.22314355131420976,1,1.3354959679458518,1.0,test
0.3566749439387324,1,0.6985934447317322,1.0,test
0.5108256237659907,0,0.6407121237752558,0.0,test
0.10536051565782635,0,4.379764804550575,0.0,test
0.10536051565782635,0,4.024387759621649,0.0,test
0.3566749439387324,0,1.6040124541625838,0.0,test
0.22314355131420976,0,2.3556953133410494,0.0,test
0.10536051565782635,0,1.6130162681480216,0.0,test
0.05129329438755048,0,0.7930175185888428,0.0,test
0.22314355131420976,0,2.4810826646546453,0.0,test
0.22314355131420976,0,2.9912163359036112,0.0,test
0.10536051565782635,0,4.080119468521138,0.0,test
0.5108256237659907,0,1.1569193313864534,0.0,test
0.05129329438755048,0,2.5944095027110907,0.0,test
0.3566749439387324,0,5.4899043094054445,0.0,test
0.10536051565782635,0,3.3772943222091225,0.0,test
0.5108256237659907,1,3.1469857552898537,1.0,test
0.22314355131420976,1,0.18447892914643366,1.0,test
0.3566749439387324,2,0.15148933944584786,0.0,test
0.5108256237659907,2,0.2075941653527809,1.0,test
0.5108256237659907,0,2.7294353480409663,0.0,test
0.22314355131420976,0,4.798491366306022,0.0,test
0.05129329438755048,0,0.6511930602804759,0.0,test
0.3566749439387324,0,3.673197824339289,0.0,test
0.05129329438755048,0,0.7449998192107703,0.0,test
0.22314355131420976,0,5.210610416846453,0.0,test
0.3566749439387324,0,3.5788969935414667,0.0,test
0.22314355131420976,0,0.7180049737349015,0.0,test
0.22314355131420976,0,5.576989598759195,0.0,test
0.22314355131420976,0,3.2111303085063305,0.0,test
0.05129329438755048,0,4.555595051345183,0.0,test
0.05129329438755048,0,2.232879595941289,0.0,test
0.10536051565782635,0,0.7584155818619611,0.0,test
0.22314355131420976,0,5.650990211722941,0.0,test
0.5108256237659907,0,2.524300053985069,0.0,test
0.3566749439387324,0,4.4859737721613255,0.0,test
0.3566749439387324,1,2.1206470021340573,1.0,test
0.3566749439387324,1,3.057489820451935,0.0,test
0.05129329438755048,1,4.674662054334155,1.0,test
0.10536051565782635,0,3.174010741341284,0.0,test
0.10536051565782635,0,3.589738565065648,0.0,test
0.5108256237659907,1,0.10222731310907651,0.0,test
0.10536051565782635,0,4.909535072257944,0.0,test
0.5108256237659907,0,0.3612278695600939,0.0,test
0.3566749439387324,0,0.549836202200209,0.0,test
0.05129329438755048,0,4.572060095608523,0.0,test
0.3566749439387324,0,1.2051254002228369,0.0,test
0.5108256237659907,0,2.7570272096542903,0.0,test
0.5108256237659907,3,0.7196474995618368,1.0,test
0.3566749439387324,6,0.27764239109864947,1.0,test
0.10536051565782635,0,2.3988971668524686,0.0,test
0.5108256237659907,3,0.030871181712724436,1.0,test
0.3566749439387324,0,4.881488307964695,0.0,test
0.05129329438755048,1,0.26184489085619034,1.0,test
0.05129329438755048,0,3.6524777681884437,0.0,test
0.05129329438755048,0,0.0727936474037163,0.0,test
0.5108256237659907,0,4.123610808960674,0.0,test
0.22314355131420976,0,2.929204459598889,0.0,test
0.3566749439387324,0,0.8242310471661072,0.0,test
0.22314355131420976,0,2.5419149528038893,0.0,test
0.5108256237659907,0,3.514756137654493,0.0,test
0.05129329438755048,1,0.5807987445052412,1.0,test
0.5108256237659907,0,1.4486802449137715,0.0,test
0.10536051565782635,0,2.582426458795763,0.0,test
0.10536051565782635,0,4.893649323052864,0.0,test
0.05129329438755048,0,2.0712581649874235,0.0,test
0.5108256237659907,0,1.4526672359207529,0.0,test
0.5108256237659907,2,0.9742985456342271,1.0,test
0.05129329438755048,0,1.0627951875295973,0.0,test
0.22314355131420976,0,5.247437021409064,0.0,test
0.05129329438755048,0,4.283399460759779,0.0,test
0.10536051565782635,0,3.4933550525080945,0.0,test
0.10536051565782635,0,0.5768071539118114,0.0,test
0.10536051565782635,0,4.75607679952463,0.0,test
0.5108256237659907,2,0.025069384134425998,1.0,test
0.22314355131420976,0,1.9576446502296385,0.0,test
0.5108256237659907,0,5.1769543466155605,0.0,test
0.5108256237659907,1,0.9787465663846997,1.0,test
0.05129329438755048,0,2.3360522644051236,0.0,test
0.10536051565782635,0,2.2887528036526037,0.0,test
0.3566749439387324,0,3.227664909829058,0.0,test
0.3566749439387324,0,2.7874219059442824,0.0,test
0.22314355131420976,3,0.24447690125728017,1.0,test
0.3566749439387324,0,4.942696783595993,0.0,test
0.3566749439387324,0,0.771548928361572,0.0,test
0.10536051565782635,0,4.263854334452995,0.0,test
0.05129329438755048,0,3.1283389255506355,0.0,test
0.10536051565782635,0,2.4053096034542625,0.0,test
0.22314355131420976,0,4.344021585860151,0.0,test
0.5108256237659907,4,0.6587187642543997,0.0,test
0.5108256237659907,0,0.30151252204067513,0.0,test
0.05129329438755048,0,4.231653779197405,0.0,test
0.5108256237659907,0,0.12929139639034437,0.0,test
0.5108256237659907,1,0.6445964028988607,1.0,test
0.10536051565782635,0,4.178720585066346,0.0,test
0.5108256237659907,0,0.4592854573532019,0.0,test
0.05129329438755048,0,0.2081410243068047,0.0,test
0.05129329438755048,0,0.5820532818046302,0.0,test
0.5108256237659907,0,0.5914471320521679,0.0,test
0.22314355131420976,0,3.952127281554108,0.0,test
0.3566749439387324,0,0.12792082358447798,0.0,test
0.10536051565782635,0,4.561026512862523,0.0,test
0.3566749439387324,2,0.20804939475215248,1.0,test
0.10536051565782635,0,4.04556165996768,0.0,test
0.05129329438755048,0,5.035110748275299,0.0,test
0.5108256237659907,0,4.091594776786887,0.0,test
0.5108256237659907,0,5.124239199850096,0.0,test
0.3566749439387324,0,0.7199791315939235,0.0,test
0.05129329438755048,0,5.944549109713929,0.0,test
0.5108256237659907,0,1.9174052472081453,0.0,test
0.10536051565782635,0,1.8446005702101964,0.0,test
0.3566749439387324,0,4.4346020103492645,0.0,test
0.3566749439387324,0,2.9747728092977868,0.0,test
0.3566749439387324,1,0.021045772268439913,1.0,test
0.10536051565782635,0,4.129252230256223,0.0,test
0.05129329438755048,0,2.2980048480926607,0.0,test
0.22314355131420976,0,3.500713131174149,0.0,test
0.5108256237659907,0,3.636905745704401,0.0,test
0.05129329438755048,0,3.4603913098133403,0.0,test
0.10536051565782635,0,5.256170225573737,0.0,test
0.22314355131420976,0,5.4671111784946,0.0,test
0.5108256237659907,0,3.5296373019786316,0.0,test
0.10536051565782635,0,1.197143876434914,0.0,test
0.05129329438755048,0,0.1937014132532311,0.0,test
0.22314355131420976,0,3.3385564384871977,0.0,test
0.05129329438755048,1,0.11438276622554458,1.0,test
0.3566749439387324,0,2.3259494022753326,0.0,test
0.10536051565782635,0,4.375770047143503,0.0,test
0.3566749439387324,0,2.759526487664441,0.0,test
0.10536051565782635,0,0.9598855183759256,0.0,test
0.05129329438755048,0,0.3136309615418751,0.0,test
0.5108256237659907,1,0.35954410995429353,0.0,test
0.10536051565782635,0,2.0472906387448706,0.0,test
0.3566749439387324,0,3.329326267330014,0.0,test
0.5108256237659907,0,4.835456990557788,0.0,test
0.10536051565782635,0,4.311468984789517,0.0,test
0.3566749439387324,0,1.1777349096036787,0.0,test
0.5108256237659907,2,1.1539336467921646,0.0,test
0.10536051565782635,0,5.919772974914456,0.0,test
0.05129329438755048,1,2.1983479353480058,1.0,test
0.5108256237659907,2,0.06218077021160938,1.0,test
0.5108256237659907,1,0.47044715269572945,1.0,test
0.05129329438755048,0,5.648855198794068,0.0,test
0.05129329438755048,0,0.8183473509191854,0.0,test
0.3566749439387324,0,3.84973307929329,0.0,test
0.10536051565782635,0,5.82284636091871,0.0,test
0.3566749439387324,0,0.5849374786351536,0.0,test
0.5108256237659907,0,5.475217272336871,0.0,test
0.10536051565782635,0,4.824611641438466,0.0,test
0.3566749439387324,0,1.4629639234081375,0.0,test
0.10536051565782635,0,3.7925864933704334,0.0,test
0.22314355131420976,0,1.2598845356806267,0.0,test
0.10536051565782635,0,1.7365863802815036,0.0,test
0.10536051565782635,0,5.014725300215921,0.0,test
0.3566749439387324,0,1.6592443191073885,0.0,test
0.5108256237659907,0,1.6859904023923549,0.0,test
0.10536051565782635,0,3.0876840892519724,0.0,test
0.22314355131420976,1,1.1860059498532045,1.0,test
0.10536051565782635,0,0.3423806851646838,0.0,test
0.22314355131420976,1,0.11531534158208509,1.0,test
0.10536051565782635,0,0.04325116692716113,0.0,test
0.3566749439387324,0,4.643146336413111,0.0,test
0.3566749439387324,0,3.501364500120001,0.0,test
0.3566749439387324,2,0.02454078714138483,1.0,test
0.05129329438755048,0,1.0875297192742597,0.0,test
0.10536051565782635,0,4.4914428728846465,0.0,test
0.3566749439387324,0,5.956489775912885,0.0,test
0.5108256237659907,0,5.35139795921828,0.0,test
0.3566749439387324,0,4.462876110582391,0.0,test
0.3566749439387324,5,0.03706510628802191,1.0,test
0.3566749439387324,0,4.682217418057099,0.0,test
0.5108256237659907,0,4.000276639871583,0.0,test
0.22314355131420976,0,1.096638688468809,0.0,test
0.10536051565782635,1,0.1701707812647729,1.0,test
0.05129329438755048,0,5.549672104606481,0.0,test
0.10536051565782635,0,3.319437555192441,0.0,test
0.05129329438755048,0,4.774103894460323,0.0,test
0.10536051565782635,1,0.8259288520775251,1.0,test
0.10536051565782635,0,4.465034246546149,0.0,test
0.10536051565782635,0,1.9503112346323828,0.0,test
0.10536051565782635,2,0.3056189263767241,1.0,test
0.5108256237659907,1,0.6468579582160819,1.0,test
0.3566749439387324,1,0.974975735531566,1.0,test
0.22314355131420976,1,0.760584220321572,1.0,test
0.10536051565782635,0,0.5813230134739678,0.0,test
0.3566749439387324,3,0.3696483599688517,1.0,test
0.3566749439387324,2,0.20214902649630395,1.0,test
0.22314355131420976,0,3.2424365571991682,0.0,test
0.3566749439387324,4,0.4702288743152646,1.0,test
0.10536051565782635,0,3.6025915648439444,0.0,test
0.5108256237659907,0,3.030350898788565,0.0,test
0.3566749439387324,0,4.2724727974163565,0.0,test
0.3566749439387324,0,1.281661632975552,0.0,test
0.22314355131420976,0,5.305926692604572,0.0,test
0.10536051565782635,0,1.0925460939218836,0.0,test
0.10536051565782635,0,3.6933853376637273,0.0,test
0.05129329438755048,0,0.7894962273243911,0.0,test
0.05129329438755048,0,1.8913902664296285,0.0,test
0.3566749439387324,1,0.006729827288481137,1.0,test
0.10536051565782635,0,4.10206410105388,0.0,test
0.3566749439387324,0,5.309746898956039,0.0,test
0.22314355131420976,0,0.21104720650958608,0.0,test
0.22314355131420976,5,0.5499843326842848,1.0,test
0.10536051565782635,0,3.6677393541805614,0.0,test
0.3566749439387324,1,0.6168825518432283,1.0,test
0.10536051565782635,0,0.15091643351948392,0.0,test
