p_pred,theta_pred,m_pred,set
0.9815625526141928,0.018783772197403792,3.334296001178183e-05,train
0.7249639845989517,0.3793788674249763,0.06307367890755236,train
0.966812366731919,0.034326860526478375,0.0003752775091292742,train
0.9873317704055435,0.012830772769778287,0.0009238963161617961,train
0.6712799355845972,0.4896914789045952,0.08106849368342581,train
0.9293401443946294,0.07603228595209166,0.000704654675450043,train
0.6507529608805861,0.5366814445943044,0.005018143202642909,train
0.9649536778638798,0.036319175666237546,0.00012486674139941103,train
0.9514038830901066,0.05107832517148858,0.0012303674537448282,train
0.97525627338061,0.02537151238578428,0.0023992752228955373,train
0.6799045938870962,0.4707945923454935,0.019031983354605663,train
0.6684224810460766,0.4960597950490937,0.0063056872175524395,train
0.9392314565650913,0.06470028554744989,0.002620500253002768,train
0.6816738793952352,0.4669771429223255,0.0003879528346646391,train
0.6986686750542466,0.4312935955263162,0.0005795037766436848,train
0.943625188385395,0.0597428007523475,0.007571534484028246,train
0.8898194489020624,0.12382349164640982,0.00027848322790277895,train
0.8715856169666976,0.14733421540411795,0.026514424408570055,train
0.560521811458128,0.7840518951414648,0.006247751364677789,train
0.784086159984444,0.27537004354194905,0.06665579676373251,train
0.8186148492885167,0.22157569077708605,0.001651488430749871,train
0.7946057554553544,0.25848572469367914,0.007606273516247367,train
0.898310064796691,0.11320137577031808,0.08401093192106741,train
0.7935017405128053,0.26023668121224786,0.00314301619437925,train
0.8799655080237601,0.13640817836805352,1.0261377696805598,train
0.7636502941432342,0.30949992119355474,0.000599041390938638,train
0.8685130314273378,0.15139320173074777,0.0010056827701701314,train
0.6348931863335885,0.5750680925949887,0.2526763565179786,train
0.7444943064391192,0.3431936165945344,0.0007496398811127398,train
0.8041146019242301,0.2436038316018887,0.0015630699206856521,train
0.8441233679013496,0.1846609607387002,0.007119376460124967,train
0.8593835636774906,0.16362476810794568,0.026243775845671575,train
0.7109360361380177,0.40659630285763826,0.11324666713239856,train
0.8669297379162175,0.15349601734003815,0.026294875882389258,train
0.7279550758623067,0.37371114394035887,0.00723151813369194,train
0.9066420229135194,0.10297115589951611,1.0851649446251166,train
0.6882504399705188,0.45295947801041003,1.2425719734838918,train
0.7940240387249775,0.25940771466538104,0.010107582409433344,train
0.8707298973233378,0.14846177106591174,0.002834199478534611,train
0.6923364194700237,0.4443845100124728,0.0004284933250435351,train
0.9785426738383589,0.02192783895409911,0.0004057542117276386,train
0.9752927294380199,0.025333184403227182,0.0003000737568897197,train
0.43782377785817833,1.2840239625448668,3.5408186591113857,train
0.6398201267758795,0.5629392670704256,1.262233617355339,train
0.8289983014464051,0.2062750891711571,1.249553337335302,train
0.817115491441453,0.2238172087961825,0.0007278307633614759,train
0.9605658613005884,0.041053029561157306,6.52047261509245e-05,train
0.7528437996617378,0.3282967867296145,1.0657412275065405,train
0.8010814402272487,0.24831253076631343,0.0010270514165205515,train
0.7189520848330446,0.39091327655336094,0.0003616263404244093,train
0.6647715545360969,0.5042761579921065,0.001288957399683878,train
0.681212064816324,0.4679716517787029,0.0013353327017934329,train
0.9408998586335036,0.06281236076741403,0.04079867504741979,train
0.6637739514075873,0.5065369737384506,1.1982558013596654,train
0.9927662363474233,0.007286472270845001,0.0003547261579366992,train
0.6286520881866127,0.5907049682831154,0.003592128040898726,train
0.7450985902856389,0.34210427054578485,1.4252959670192893,train
0.942831399590791,0.060635019616467334,1.0289584049261447,train
0.9909715159336241,0.00911074023946079,7.74448108010454e-05,train
0.8711771739244225,0.14787213202024652,0.002909615464823245,train
0.9646118615191273,0.036686401953570646,0.009890629674247862,train
0.5605852329794532,0.7838500573500702,0.0106360258664201,train
0.5987814081103603,0.6700585329725066,2.3274190144698146,train
0.9245433150219372,0.08161508904130943,0.011856743422565784,train
0.7785336560067274,0.2844659858755789,1.1530868375355314,train
0.8227519729840548,0.2154331230262274,1.3937132277880346,train
0.9286719472191921,0.07680651170135167,0.0003967633075587132,train
0.7201003921813333,0.38869525813031824,0.042185659675598404,train
0.9733275330338846,0.027403382788296016,0.00017827586096945313,train
0.670657677774607,0.49107366267426444,0.0814823267237147,train
0.6453897254245508,0.5494513789202009,1.3049620450942347,train
0.8582212815845937,0.16520065565564912,1.0217413003713391,train
0.8780951872245569,0.13882869938138964,0.0029790235444075745,train
0.876164401393148,0.14133831323202228,1.1319701945033045,train
0.895576758671136,0.11659887365077237,0.0014367638954174832,train
0.9815339929636266,0.018813415703125447,3.294410044496792e-05,train
0.6369378439675135,0.5700119084948014,1.6162937838909668,train
0.6169459873666637,0.6208874366268946,0.006204772319460598,train
0.9744799934301902,0.026188333000022768,0.000981146881779996,train
0.9616052780446466,0.03992773628845536,0.0009119240755305362,train
0.7212325848769996,0.38651528087924913,0.006927385121272496,train
0.7082363208207936,0.41195808602568396,0.013579338598078552,train
0.6946337453371424,0.4396075726419644,0.2954227879334707,train
0.6688742405941716,0.495049352045138,1.0994061128241015,train
0.9767177069458874,0.023837279582976212,0.0005173967920284095,train
0.5882685340628099,0.6999039419865167,0.010782213644098705,train
0.7297304639979086,0.37036899147856595,1.7346000567208173,train
0.7745325513014787,0.29110132081557993,0.0020902053959528776,train
0.9586038726404634,0.043183768124690936,6.66419035907205e-05,train
0.8157143091984267,0.22591940428587587,0.027194287373383735,train
0.878174166321287,0.138726278169907,0.04675816762673532,train
0.7316622632139737,0.366750822445453,1.0904464908488836,train
0.8656340701349231,0.15522255246276728,0.0007231014791338387,train
0.5482818828453416,0.8238793425207489,2.645974918745355,train
0.9423807570686356,0.06114221083057192,0.003783747288062917,train
0.660868501574656,0.5131603301069623,0.006924506441825959,train
0.8513147539052981,0.17465366999999388,0.021791101581003534,train
0.8307438210615133,0.20374052102152662,0.09200298314707615,train
0.9833309980574879,0.016951567656710465,0.0005367360520269386,train
0.6781605862291811,0.4745769959300685,1.4172238859393151,train
0.4612465922514682,1.1680376978369251,3.0072214384070133,train
0.8212302438537373,0.2176853050459524,0.016649726263555754,train
0.6832069222710057,0.4636854039416962,0.009482681329569765,train
0.9476874336653363,0.0552002321401861,0.0017368495591079999,train
0.6767471737289292,0.4776567066987849,0.002539221068104664,train
0.9443350835043929,0.05894614895492034,0.0001582970957966865,train
0.8865545205073374,0.12796221424458198,0.005829937840163315,train
0.948727210747545,0.05404376376224618,0.00044111053956207496,train
0.8837132296738471,0.13158880779579474,1.096619859610348,train
0.9641924966316393,0.037137297265279035,0.0033120309059526884,train
0.6813493188848122,0.4676759369727328,0.015501493119618204,train
0.8781054464095011,0.13881539408383747,0.03883597954977661,train
0.9748865295751371,0.025760403557742784,3.729137016283333e-05,train
0.7768580068396691,0.2872365235290466,0.05826881037564676,train
0.9059700601514452,0.10378923541119711,0.0015863820922887057,train
0.658200274403182,0.5192944137052242,1.2966211222216892,train
0.9932763134942485,0.006769200487725557,1.0331357949196642e-05,train
0.6421925040231102,0.557165481900445,1.283798672157559,train
0.6858175583085654,0.4581137328509115,0.000725898704792708,train
0.978376053648628,0.022101876135183884,3.958848843012804e-05,train
0.9304576075557522,0.07473999017207333,0.003684734810910041,train
0.8341504490295562,0.19882450601494228,0.07876648370204652,train
0.8488271795271052,0.17809611204617126,0.03989727862064028,train
0.7656261271936841,0.3061205260397615,0.00042036424423953946,train
0.8976700432662522,0.1139950670085983,0.02907871553534211,train
0.8228138878355039,0.21534166448089764,1.1453251765084957,train
0.8997370549190715,0.11143582953793851,1.1831353346275373,train
0.7311743933036896,0.3676627753355348,0.0020085357227312096,train
0.944161098621693,0.05914128580368527,0.04392914978030645,train
0.8547981607555858,0.16986681290477423,0.01675603030812712,train
0.8245568639212707,0.21277263431461857,0.17518515469670823,train
0.6327582663936397,0.5803823562818518,0.06364134447249097,train
0.9220605269163973,0.08452750205482928,0.0064564802446181934,train
0.9549613195666837,0.04716283215926764,9.777179415804276e-05,train
0.9895473507168993,0.010563061257784279,0.00013135098974740423,train
0.6998850037193681,0.42880615341912454,0.03165134693560848,train
0.9801019132631223,0.020302058865112826,0.00021077616000013679,train
0.8432507474273613,0.1858868824615436,0.06840252495718407,train
0.7713157272442563,0.29648594560982566,0.06490239499667708,train
0.7906570615282253,0.26477084523490513,0.001753518290854712,train
0.839329617825598,0.1914270374380942,0.005698526595985153,train
0.5993342460285649,0.6685180375164796,0.6052937797524518,train
0.8795896445428611,0.1368937847372207,0.003954126012415203,train
0.9239533888412987,0.08230567913611853,0.00023646954213981755,train
0.8931364051136614,0.11964980295785721,0.0011350196709873444,train
0.7339819424380775,0.3624313381311357,1.5807925273091668,train
0.8749722325717169,0.14289341166953573,1.0428020195715066,train
0.9496140005672553,0.05305945300158421,0.0009375020314418433,train
0.9115476970472939,0.0970352985797922,1.0893212694625898,train
0.9726491850418122,0.02811991762169841,9.930485336102969e-05,train
0.6275889468679929,0.5933996368013472,1.3018987811366267,train
0.6685109848255284,0.49586173256522525,0.00622940621559363,train
0.6853044672218537,0.4592054303306765,0.0004762286393850715,train
0.8831668021544112,0.13228893744713233,0.0003889175231362004,train
0.9004447119662621,0.11056235514598489,0.003928619007009463,train
0.7581228122240607,0.3190474997927555,0.09539964596003518,train
0.9323824862490109,0.07252121822130686,0.01881733716099708,train
0.7174356612478417,0.39385321083801683,0.03571835089333363,train
0.7689209498427928,0.3005238057364046,0.1072301416842611,train
0.9252946195661752,0.08073685813589893,1.1065499562748848,train
0.983621736817007,0.016650977270991296,0.0004440526505678454,train
0.8495887438304033,0.17704007646271513,1.267506788420183,train
0.8242873490605801,0.2131691710902457,0.009027415957900256,train
0.7043344399418733,0.41978006936949885,0.009625187425721804,train
0.9496334356925228,0.053037901167356516,0.0005143140069488067,train
0.6727801757098066,0.4863695990223924,0.08758936654273942,train
0.5877537310530339,0.7013928575295911,0.0038300492100853583,train
0.960556684701404,0.04106297517554336,0.0003560899309929885,train
0.5892090902143933,0.6971903804744997,1.2061504338557287,train
0.9521862413012802,0.05021471286266066,0.002038836995180969,train
0.6722947211865549,0.4874428855176305,0.016059996259295294,train
0.798132966173587,0.2529240645129658,0.0004615449495751666,train
0.8554207768448436,0.1690153279751121,0.0007981086649329683,train
0.8111778339773195,0.23277530291583393,0.001520548313267724,train
0.7510510025458461,0.3314674990250843,0.1523314328917522,train
0.6004350940348249,0.6654589479108637,0.05655016144629933,train
0.683415667777585,0.463238329393183,0.010357154034304207,train
0.9492668443122136,0.05344456723814561,8.197686450630591e-05,train
0.5889279474749909,0.6980005861285188,0.0875971447960861,train
0.6737505777655138,0.4842287828776173,0.006406680938910121,train
0.9470708739450022,0.05588718596584297,0.0042028183704482325,train
0.8385061437336553,0.19259710554684006,0.01187270555852121,train
0.8967917650031245,0.11508606459663007,0.0014501050545483339,train
0.72840071545639,0.3728706998501994,0.0055658682411312945,train
0.8089122226684243,0.23622807515655886,0.06222200034141793,train
0.7737207085279398,0.2924560361096875,0.14817492709646068,train
0.8159252424674529,0.2256024791877791,0.014175404366016631,train
0.7215974312802151,0.38581424579887935,0.0005190995155487254,train
0.5899169440580517,0.695153885767338,2.203876958365204,train
0.9256376285219942,0.08033637482601419,0.00016410227945284854,train
0.984849341427202,0.015383732247657544,0.0013829832288617012,train
0.7579862939153161,0.31928506890880826,0.007737883567396089,train
0.9711285048003035,0.02972984013648472,0.0011463759146034284,train
0.9486351055713542,0.05414610330882619,8.376717838014528e-05,train
0.8531740769546335,0.17209374617833562,0.00019076141001816058,train
0.9444530871834145,0.05881384006297208,0.004455966799859459,train
0.7902233525686785,0.26546500650661264,0.00894424087903176,train
0.971783602552841,0.029035679726469477,0.0012629714559409294,train
0.6103488667014849,0.638407236510999,0.18021558573647325,train
0.7291659370644239,0.3714299436777546,1.3899222597572884,train
0.6047436221944539,0.6535932968937577,0.03131043546078548,train
0.4293093770290108,1.3293225200912033,0.004091370507648138,train
0.5983581201730446,0.6712399586234428,0.003228271284203546,train
0.7456522199418818,0.34110778893401905,0.001933878848661118,train
0.5660214195452348,0.7667175931317967,1.5500056511306213,train
0.7658447177092833,0.3057477278045322,0.006208552580690169,train
0.9482722403771362,0.05454948212160171,0.0005074285957112582,train
0.8042049982102609,0.24346404489586138,0.00022590216248160791,train
0.9667998797462166,0.0343402196765874,0.00019604651469079187,train
0.9422144874684718,0.06132946722861954,8.329315850869008e-05,train
0.6467885579646631,0.5461003255017918,0.2637295742736346,train
0.7322535901413549,0.3656471111421373,0.07740911189358252,train
0.940931086315574,0.06277708808168248,0.003979540407172142,train
0.7998482660278651,0.25023712930717545,1.3000013362068785,train
0.9322762586670125,0.0726434259195019,0.006147074648463893,train
0.5982911010366394,0.6714271669214749,0.00118482693642071,train
0.6874056599009092,0.4547450775196584,0.010209043158219449,train
0.714619243155272,0.39934658851989613,0.0038931837301342865,train
0.8326812881726681,0.20093968028813936,0.003637562860715233,train
0.6031615529596062,0.6579306076343532,0.00640892729280584,train
0.570980452437282,0.7513734414749385,1.3822389362182352,train
0.6619001068500707,0.5108019920995623,1.1648970472357216,train
0.7706101150435494,0.2976730780953831,0.001141091740309043,train
0.9533711394011238,0.04890945264838509,0.004691929428175804,train
0.7443448636518116,0.34346329078422744,0.22665091902562015,train
0.7207235965182195,0.38749446366256235,0.07992236002697971,train
0.5759288338631783,0.7363256381734951,1.5411332908582294,train
0.768023278143167,0.30204386827659446,1.1631381819545241,train
0.929060609303983,0.0763560417755329,0.0014880686273652183,train
0.7413447769463073,0.3489000409757066,0.002091935344686543,train
0.8938004545044885,0.11881795870688738,0.0013325622820514645,train
0.868087585533076,0.15195749445710494,0.13625704080992843,train
0.6643377150944476,0.5052585112646086,0.002313565465337712,train
0.9322711404370176,0.07264931480259418,0.0033700564209224863,train
0.5803029170726693,0.7232379341542643,0.010916016352266597,train
0.913759809688869,0.0943794960083606,0.007568763418700891,train
0.953169401235356,0.049131454182172796,0.00012943771076522127,train
0.888678105771781,0.12526683565759789,0.0006765945515748661,train
0.9887684418034618,0.011359139027589116,8.433982411699845e-05,train
0.9300824732752726,0.07517346980909534,0.00040243894539467777,train
0.4131305775343513,1.4205422071835176,3.096049454966095,train
0.9223989328606796,0.08412961504481853,0.00017145487058644197,train
0.9799128666180441,0.020498897469610977,3.557200427759496e-05,train
0.7186877219107909,0.3914249117005617,1.443873469834315,train
0.6772035836574976,0.4766608212542478,0.0006838542353271098,train
0.7249515293191293,0.3794025663194265,0.23207447545540888,train
0.8369138100972352,0.19486617132511763,0.0008428624082988809,train
0.6455951491335173,0.5489583546935655,1.7322167358414384,train
0.9860757181642289,0.014120905300957887,0.011864333657244019,train
0.9618209553001557,0.03969454448819931,0.00026023459785326004,train
0.8764741409579562,0.14093497260174082,0.0014790451331488236,train
0.5849628336256641,0.7095103184622684,0.0016001095308927928,train
0.905029088792477,0.10493686046515549,0.03632389473641487,train
0.8178338444715857,0.22274225597268416,0.004640575541577089,train
0.9170831533567935,0.09041366242494653,0.002446509240547113,train
0.9777726085574673,0.022732679610779183,0.0008951157860194229,train
0.9534474337630839,0.04882551946590441,0.001865112914354397,train
0.6102319348779058,0.638721185904632,1.9310393590097636,train
0.9638926648208144,0.037459912806679485,0.0014485554559010528,train
0.5891823787093484,0.6972673252560282,2.117719521433963,train
0.9377375984421887,0.0663964009348077,0.03389413066394091,train
0.9276521324017534,0.07799029945733338,0.01773667598555212,train
0.5885920958658427,0.6989694680302487,1.3160971032002857,train
0.5859206580584808,0.7067157237869395,0.012820099738065919,train
0.9424228946213512,0.061094765107316595,0.0014827152678002482,train
0.9273547171207348,0.07833602562007269,0.0037961545722262004,train
0.7352775547152207,0.3600306354888101,1.1907591586600637,train
0.6870632694790019,0.45547003372527417,0.0018209247071381879,train
0.9718557521304008,0.028959285169537052,5.753338182799395e-05,train
0.9274908674379141,0.07817773210251011,0.0011322471459750765,train
0.7673081878872882,0.3032573036310313,0.004227561713659049,train
0.9562906162356168,0.04570721810116951,0.0011787796571850581,train
0.8700895536787856,0.14930698313977686,0.021328287145486673,train
0.7370740328150309,0.356715818872092,0.1520514526244815,train
0.5831154015681372,0.714926406180938,0.00113085877892882,train
0.9435004602655134,0.059882895784265866,9.715026542590759e-05,train
0.6484545047814739,0.5421282335558688,0.08219572509632725,train
0.9763505398995814,0.02422230452481844,3.6329161783484e-05,train
0.9825422921958651,0.017767894514870264,0.00764876594225042,train
0.8206388481671897,0.21856283337474758,0.0020186084064261673,train
0.7824765964606134,0.2779934946595375,0.1087009772968756,train
0.8857422710896447,0.12899658584634888,1.2375627419136714,train
0.6994616043254097,0.4296710410065212,0.0660226081766585,train
0.9527521217959423,0.04959094514005935,6.715963622712583e-05,train
0.8327713373217825,0.2008098203956321,0.01349430153451585,train
0.6404150748614112,0.5614872904364479,0.0034307233517967134,train
0.9410820754213618,0.06260657398267644,0.004665429041394562,train
0.835541697057167,0.19682836119617497,0.001658476482376497,train
0.8504573109163812,0.17583797230514042,0.0006776239378033114,train
0.7753233476217044,0.2897844532445575,1.4931353089995678,train
0.675900068483615,0.479508653170438,0.0016744443065080073,train
0.9498213178974021,0.05282960190204755,9.507310609238788e-05,train
0.7263130995811636,0.37681669320938993,0.00954583068292612,train
0.9640920276717028,0.03724537834320185,0.011239216514787882,train
0.6367089110926356,0.5705764165981786,0.0008272336666081746,train
0.6610014744575253,0.5128559294375039,0.006515050195780779,train
0.9682952775300229,0.03274282463800837,0.00011484486961625017,train
0.5910936652277202,0.6917792539947922,1.7839235075754543,train
0.9228617170883514,0.08358596037012078,1.0456505291093765,train
0.9416222680084984,0.06199697476884092,0.006717358758427983,train
0.7305775826712534,0.3687800224360043,0.003536494511409712,train
0.7624144357501664,0.31162259410272664,0.11309348387964614,train
0.8681573666101475,0.15186490198735747,0.016943496906885066,train
0.7305591861548685,0.36881449025817026,0.004568576968303945,train
0.4551688566428974,1.1969868663148668,3.1808500420850345,train
0.9663725585372722,0.03479759557082951,0.0008435077249163688,train
0.5973874355464657,0.6739555278480887,1.7700441086967658,train
0.9190757747744103,0.08804956832362687,0.00011235224235499142,train
0.8055718132451404,0.24135425738349903,0.026278284912285618,train
0.5759074559894515,0.7363900911508885,0.011641706998618528,train
0.7459684981124434,0.3405391816549139,0.001193603600161852,train
0.5333405947765151,0.8749744718363852,2.329515288646775,train
0.711784966422473,0.40491868636413386,0.0019024384090037157,train
0.9538565822096845,0.04837563492346053,0.019006265428839535,train
0.8364858607268065,0.19547746943519062,0.00761689724644843,train
0.8747127339886472,0.14323247066502498,0.003756165485741214,train
0.76376192198386,0.3093085308606578,0.018071285553182288,train
0.9821227181478956,0.018202696589503242,0.0003750055323803491,train
0.9004896072186711,0.11050698640341361,0.010622417243798872,train
0.8146336696929773,0.22754562842570003,0.0023819581818407764,train
0.5431694023707707,0.8410462659260656,2.0662895031615376,train
0.8696541607338161,0.1498823844598154,0.0012705825059879357,train
0.7391139008106722,0.3529714417536778,0.012811312979437607,train
0.9557100994100909,0.04634240091974218,0.002267502834246387,train
0.7591885960949069,0.3171957602416213,0.0021577361136682354,train
0.941414312187393,0.062231566967026586,0.012892925025439985,train
0.7059288658333154,0.41657332402684455,1.2333577056454503,train
0.7138259343923441,0.4009017490395137,0.0035065408591771637,train
0.8070366773165728,0.23910105712300145,0.10258424198079805,train
0.667155365003975,0.4989012341885939,0.006990610014938711,train
0.6692333238409027,0.4942471696728159,1.4582313744499351,train
0.8609722898471505,0.1614775664586503,0.00017350100443512857,train
0.9250307338779085,0.08104516247563565,1.1230003171259573,train
0.8885403327450878,0.12544131442020734,0.04401957442422017,train
0.9082804853762111,0.1009814876577455,0.00031239261106747027,train
0.7543244235272234,0.32568954260289873,0.05671790427164688,train
0.8536894149431259,0.17138620029231766,0.001893374435882087,train
0.9091701498852185,0.099904126995644,0.0008822454604373578,train
0.7673299823827252,0.30322028717656013,0.0023926992985798773,train
0.753878250694937,0.3264741343554931,1.3967902670835886,train
0.7638341627152991,0.30918470109424256,0.00040752076009471365,train
0.810833372852762,0.23329901491559402,0.06175179008994501,train
0.6989636609087497,0.43068954214280786,0.007875395294355375,train
0.7618477056758204,0.31259829563038366,1.3480731708655542,train
0.8040256204163666,0.2437414612262574,0.0025088394763068535,train
0.5203764844896289,0.9216856061064571,2.3827861888739825,train
0.8118091884679394,0.23181655764110976,0.006747503913553268,train
0.7572506345886748,0.3205667375150929,0.022377863453204857,train
0.979972057623783,0.02043725861406731,3.318423429705154e-05,train
0.8372060497817564,0.1944490848587166,0.027941460427794294,train
0.7869927564319575,0.2706597256800276,0.007944374330473214,train
0.5958538430621688,0.678263909251424,0.001175797852546716,train
0.5638109025078465,0.7736443115093596,1.962923842853443,train
0.6004155387386098,0.6655131912489509,1.0089367054758613,train
0.8741814963616531,0.1439272098094091,0.038250808155685934,train
0.9824165777473689,0.01789813267702489,0.0008122529581412189,train
0.8516105922515932,0.17424561072693634,0.00019561951525301927,train
0.9540888187295556,0.048120447875679595,0.01650575593145327,train
0.8476278696282715,0.17976300193922534,0.00022069698709303848,train
0.9577829719555504,0.0440778644855766,0.000855952909101507,train
0.7416146236444019,0.3484092251118982,0.0004361614818947267,train
0.8146372519203067,0.22754023050473848,0.007498890073241764,train
0.970144798390615,0.030773964524586583,0.003557600677827044,train
0.7155972647745413,0.397434072522711,0.002250874134089611,train
0.6706069501440934,0.4911864539804274,0.0066643774076397475,train
0.7737803308494551,0.2923564481177767,0.10643104621012081,train
0.6533318698554794,0.530615673503277,0.0005806024929883844,train
0.926545611274265,0.07927768242808275,0.002414794915854944,train
0.7101170474414615,0.4082185515796042,1.072135765982535,train
0.859764190595163,0.16310961882206354,0.007515674962040117,train
0.9003810028903989,0.11064093621456328,0.004445073084290901,train
0.7736801957362349,0.2925237139466894,1.2621984074646577,train
0.9333116604697776,0.07145345156906657,0.0001407208940541245,train
0.5897610989461654,0.6956018323129214,0.007373330270962233,train
0.9161674232937299,0.09150355554542866,0.01109366145616449,train
0.41368583699443146,1.4172932949925015,3.390156036475635,train
0.8660828006856299,0.1546240142493942,0.0005272420656387876,train
0.681577591786798,0.4671843852413602,0.0006011913605622963,train
0.9837277379490513,0.01654142851036644,1.9248817037379582e-05,train
0.7471814993089856,0.33836290235348176,1.3844465785740376,train
0.7244002708733751,0.3804522723250052,0.0009658556662665874,train
0.9234753675506683,0.0828659162315264,0.0011843055635132218,train
0.6359457638428936,0.5724611387568639,0.004947767381975863,train
0.8833452854866405,0.1320601540869646,0.006106356887881265,train
0.8785867645361216,0.13819151433265953,0.0013516992112419981,train
0.675569796986891,0.4802319530270598,0.02371335536132374,train
0.8815970354839814,0.13430508469327762,0.02465366879768867,train
0.527172983266714,0.8969105620764852,2.0967283125517646,train
0.883005718302666,0.13249549722307918,0.009979154745379023,train
0.7918757726764334,0.26282434000996746,0.0002601603698207724,train
0.8539432950385878,0.17103794339741518,0.05060268930604749,train
0.8271465230466202,0.2089756435373873,1.1337520967317607,train
0.9230626353539512,0.08335010182331448,0.008443085492483572,train
0.7394695284954669,0.3523207670701609,0.0073147601232882945,train
0.752095953969454,0.3296175770154648,0.04527202744423116,train
0.7976758854048392,0.25364200961456485,0.02882731469498723,train
0.7771204441461422,0.28680181757249446,0.007368214565366137,train
0.7930941752617601,0.26088430755395575,0.022327010085965052,train
0.5829357002147703,0.7154550658530112,2.421478688722251,train
0.5433076567295517,0.840577778747891,0.002324352631532957,train
0.9502494822955225,0.052355216847153496,0.014045884577065676,train
0.8626122098227549,0.15926947081525178,0.001145802433584169,train
0.967359870255237,0.033741455220952066,0.012947640981689495,train
0.7691831336058329,0.30008050919177975,0.011336469167428281,train
0.9285102798036453,0.07699399969106735,0.0004222574528626435,train
0.8603046338660996,0.16237895349479547,0.14405875895951042,train
0.9547592561002294,0.04738445174604444,0.0006634419960428431,train
0.9187800014703381,0.0883998328214417,0.0008260899382767369,train
0.9753534802131147,0.02526932059697984,3.165844014307148e-05,train
0.9215207152659024,0.0851628003950542,0.005724923503019904,train
0.5284445577601912,0.8923461038911891,2.3528716665080216,train
0.6059551442262024,0.6502871698151653,1.845258855604141,train
0.7700099636721058,0.2986844939396538,0.0006865994006167935,train
0.9486351055713542,0.05414610330882619,0.00016241093797609928,train
0.9765825585008282,0.023978967569439735,0.0005974795911650496,train
0.7823480505913324,0.2782034789300707,0.008996992605829871,train
0.9526150396733063,0.04974198217880765,0.0023974987579119538,train
0.9377345776777347,0.06639983616308931,0.00047329886703385637,train
0.9414281834714529,0.06221591572983032,0.00027107701162331515,train
0.8867654612026822,0.1276938985013496,0.0010297494012117287,train
0.9514073993612469,0.0510744405302892,0.0006629258087988533,train
0.7437770531267589,0.3444889107510205,0.0033938492717341573,train
0.839329617825598,0.1914270374380942,0.010095534248704711,train
0.7959159313871997,0.25641410174703094,0.006258092795501281,train
0.962400234487388,0.03906874101359614,1.0106248019583013,train
0.6944364883706179,0.4400164979036991,1.2800813257153032,train
0.7126859328868953,0.40314261002637464,0.02030747953823135,train
0.9631564912695681,0.038252879012285135,0.0002293651966960916,train
0.6739697842900805,0.4837460421958535,1.4859826129440377,train
0.7470551480121731,0.3385892630027165,0.0024959820900759397,train
0.8934826141402225,0.11921595806570529,0.0066389126692633655,train
0.8286755740846643,0.20674487250885454,0.0008923499290860592,train
0.6810450914627242,0.46833155768325985,0.001181583480257311,train
0.9220127098285132,0.08458374742577224,0.00013382866181169608,train
0.9318320062605607,0.07315481039656202,0.0002525739691079385,train
0.9126478465611327,0.0957128795822082,0.0007618987671417389,train
0.9003558085663698,0.11067201486964695,0.0008637330510239557,train
0.9668172011600145,0.03432168852619899,0.0023768376152818464,train
0.5787514302639207,0.7278575010069221,1.601540013603425,train
0.9222656979428463,0.084286233598998,0.0018498270410192738,train
0.9129373847075494,0.0953653741766094,0.02660047240158436,train
0.8851178368547139,0.1297930720202436,0.00016742952098671116,train
0.8163319636472677,0.22499184710608033,0.009380392928555036,train
0.6592306559548873,0.5169197472340126,0.06523255217487912,train
0.990116337582141,0.00998232434179891,0.0005191235247374395,train
0.7943766655122635,0.2588486588476737,0.00530055959655606,train
0.8041995171330626,0.24347251981070306,0.09195053420928352,train
0.9783654938954005,0.022112907946559845,0.01106227990886612,train
0.6248001984604805,0.6005116555084631,1.7430872102550787,train
0.8634436529424959,0.1581531656317572,0.0009633220360129621,train
0.8773281172646916,0.13982440585373146,0.00015493959040137863,train
0.7600626478182453,0.3156810203349596,0.00031763420790438334,train
0.5455878968974893,0.8328852338670742,0.5431203296043459,train
0.7740828203943707,0.2918514319831198,0.032361468091015644,train
0.9161174922004481,0.09156304569414142,0.0010734803707057282,train
0.9274908674379141,0.07817773210251011,8.533843952480703e-05,train
0.7485033085866281,0.3359994385171978,0.0015505794518369754,train
0.8078664940399,0.23782828892840646,0.0006765653257520126,train
0.828610777668339,0.20683923857946906,0.01479102359773212,train
0.8158081202154931,0.22577843394823427,0.005113034759066202,train
0.9033375177116305,0.10700594228969762,0.0011498760462440316,train
0.6154984234861123,0.6246995310501611,0.0028926070798607757,train
0.9104099495625568,0.09840627343812569,0.000114443162995624,train
0.48102021300389713,1.078914717024372,1.367651340545163,train
0.9760510205624501,0.024536606112812942,0.0024692265633981187,train
0.6243625799207635,0.6016334613245204,0.04884859420155346,train
0.8853650575727107,0.12947759960345495,0.00042655189705256694,train
0.8944444114538981,0.11801246359684203,0.00020283763841862594,train
0.759511805329784,0.3166352293441901,0.021715917302621703,train
0.7140826073693666,0.40039820278487714,1.5326873332062263,train
0.6812107704274211,0.46797444111542275,0.0691502206849314,train
0.9774487793251277,0.023071511420212243,0.00011962925789937512,train
0.5485599730966287,0.8229547342927446,2.6348404978269984,train
0.7462215821657161,0.34008453239553504,0.002381337025991926,train
0.5654971341289895,0.7683555576992556,1.748489870234058,train
0.9187336957411615,0.08845469001034001,0.010254112352114132,train
0.7969480007082858,0.2547870113373172,0.0016632547545859333,train
0.9605167390446577,0.0411062705628773,0.000191652026642816,train
0.6709974884508105,0.49031854397664865,0.001925806770407222,train
0.847152265939113,0.18042533816686102,0.08670214855833672,train
0.9521974420295425,0.05020235915417892,0.00045552022637834327,train
0.9875487575421874,0.01260823059390126,0.00048115316530976756,train
0.8800865615300848,0.13625186852238524,0.012823421340853017,train
0.7855145394815327,0.2730509108845207,0.0023173416045140305,train
0.9603181363300678,0.041321581014370556,0.0013846964678596923,train
0.9682508116901977,0.032790252201679415,0.0034973553756787058,train
0.8902531188009741,0.12327604237639411,0.0013219924635378285,train
0.7208753609386878,0.3872023572810841,0.0003700014588939034,train
0.8627151829865651,0.15913110111054207,0.012615043683154583,train
0.6975003454541285,0.4336910462014467,0.038912434839694726,train
0.7587194739515803,0.3180101926101577,0.2405774843703454,train
0.9162843606475246,0.09136425649927582,0.001336726889902757,train
0.8619185096916566,0.16020248869900788,0.006848771343988758,train
0.4721114338085426,1.1181439981933043,0.0019041340016082687,train
0.9841759212542988,0.016078506295433392,0.008889585111300644,train
0.7581334796067551,0.3190289400208277,0.00031857623604324126,train
0.7340611195557085,0.36228438390150863,1.0178510763955912,train
0.9115476970472939,0.0970352985797922,0.0014105459587308653,train
0.6112381868533807,0.6360234381754564,1.9614836957030068,train
0.9539484836862238,0.04827463652526087,0.00037747183441483724,train
0.9380406753922865,0.06605185279604453,0.011277065509104038,train
0.9738400938514034,0.026862630029061307,0.000714943255768625,train
0.8716564484261727,0.14724098216167514,0.0007284368132345764,train
0.9093056145757427,0.09974026770589428,0.00044323922630916374,train
0.9254770520483564,0.08052382043044948,0.01537743127901648,train
0.7931029387860136,0.2608703752008277,0.012088570149769315,train
0.8051232738415064,0.2420458239005725,1.0842932323755379,train
0.6440588716795252,0.5526530942618335,0.0004142841062882399,train
0.9572775586876613,0.04462910565970768,0.014673959089375282,train
0.8732538210249234,0.145142427005148,0.044424879083710754,train
0.9868240579170617,0.013351865489324766,0.0004688145621706484,train
0.8505117610510273,0.17576269464427074,0.004678425585424888,train
0.619455951260764,0.6143197881378388,1.8640102112123076,train
0.9622687565369938,0.039210712398886516,0.0026503277782865715,train
0.7802257327215405,0.28168036256873386,0.12076704554204273,train
0.6831986142618446,0.4637032030289472,0.12078485344707138,train
0.9346004124002958,0.06997598838175256,0.002061650617486224,train
0.7822411782099798,0.27837811132408374,0.0009064853601560564,train
0.6211780149301432,0.6098444825231919,1.216018680379052,train
0.9715360384043426,0.029297895775854954,5.315837777198096e-05,train
0.953169401235356,0.049131454182172796,0.00451476346487191,train
0.9671857746699943,0.03392753097635448,0.006231892430158164,train
0.9243174979696136,0.08187933496513167,0.012327648244759695,train
0.8790689023910976,0.13756725699198968,0.0018281840067926145,train
0.40933092785997827,1.4430110991810388,3.0636582297591537,train
0.6135466283944017,0.629867973713609,1.5245790200927072,train
0.5581459539460837,0.791646061267693,0.03823067367500312,train
0.9207412157328856,0.08608149924517772,0.013401092438825566,train
0.672971764302222,0.48594644388514663,1.464463162344778,train
0.7862443308116269,0.2718692660940609,0.04933490068947304,train
0.8169634858642851,0.22404491424984085,0.0030201339626919586,train
0.44741955286646184,1.2350386647015021,3.462038811926542,train
0.8303456735156689,0.20431770995568344,0.054735248968503986,train
0.7051036077978345,0.418231291034207,1.5940582953732993,train
0.9247063705496805,0.08142436545079934,0.0005562103441207826,train
0.6473714135306586,0.5447083066985647,0.004565967699052072,train
0.6470742418148894,0.5454177208402513,0.34450278748090263,train
0.9798356964767577,0.020579270173303632,5.717106040790501e-05,train
0.5875339110742934,0.702029416772763,2.0822740307040424,train
0.7576270599982848,0.319910616711953,0.01088906340670944,train
0.48375906875648145,1.0671447102181109,2.8265912407847,train
0.6641226124629763,0.5057460493498078,0.013491322083058473,train
0.8712908355625887,0.14772238979686314,0.027350258399533357,train
0.9255457241202864,0.08044364955656946,0.05291559327321605,train
0.6597093168968335,0.5158191257686628,0.013549081410626912,train
0.7038102136459448,0.42083757895428175,0.21722907724803608,train
0.6132697818290593,0.6306037401965723,1.751076143350405,train
0.9855437733293875,0.014668274572702256,0.00018155184310459483,train
0.8307154246040536,0.20378166864619507,0.015309555974917639,train
0.9010992765029114,0.10975563522913223,1.2138449874377324,train
0.7063005036094014,0.4158279583402653,0.003168485694671886,train
0.6388458964484897,0.565322725807992,0.000558705706656568,train
0.4169641039420896,1.3982879834156798,3.660965927800534,train
0.6970640248865851,0.4345884514162148,1.8687683991928854,train
0.8984300278336813,0.11305273534904758,0.00018161536829757355,train
0.6167661214932689,0.6213601317447095,1.3903530694626693,train
0.8012574555420349,0.24803830913937608,0.0021586844320027284,train
0.8216673039253051,0.217037595657946,0.06545884136890563,train
0.8219532634987157,0.21661418526816578,0.002020672075765518,train
0.6381829467150602,0.5669487960268016,0.23867945488877,train
0.6085199079755679,0.6433316098512099,0.038227733731624865,train
0.8583900803936881,0.16497152383373836,0.013688555570755071,train
0.6770148093160826,0.4770725636123021,0.006954947648400571,train
0.7441923679086844,0.3437385857774671,0.2989939684205043,train
0.6040203326492658,0.6555734069645403,0.02117123636965438,train
0.9591780399765057,0.0425593146653922,0.0005756840187807195,train
0.7486664172248021,0.33570837023364164,1.0570855278839417,train
0.9286077696874319,0.07688093147938946,9.226630966764544e-05,train
0.8169689226888128,0.22403676838623698,0.028033295691024064,train
0.7989973940159817,0.25156853763154796,0.014012375118962916,train
0.956036638365176,0.04598501759305096,0.0014243069077847041,train
0.7075810665958864,0.41326562737315276,0.0006386821274227616,train
0.9503392830216993,0.052255776295387246,0.0008645653164031726,train
0.839262537360573,0.19152226566067876,0.0022123369552035266,train
0.9010647223479855,0.10979819229212517,0.0011060009631192584,train
0.9593200744227898,0.042404956032726426,0.003000137088368053,train
0.9634121240309139,0.03797738792823413,0.004924482555227545,train
0.7376743657075784,0.3556116987212894,0.0009037128675250697,train
0.6729065653167468,0.4860904195953055,0.2859073350897462,train
0.5983700381212066,0.6712066719447585,0.03295850397915128,train
0.7747560344598987,0.29072889467343654,0.002518995218934316,train
0.6354075755362988,0.5737930086149456,1.9487518119802134,train
0.8576333619322419,0.16599941698514042,0.00019247864704216613,train
0.9864859423581248,0.013699189275389712,1.8692338500997807e-05,train
0.9642214930537287,0.037106108092404444,0.0037555986729646772,train
0.9652784020135435,0.0359705530694856,0.002819223552319938,train
0.9537140141106406,0.0485323537292488,0.0009005794796742271,train
0.6449574254799532,0.550489940100833,1.199994962626848,train
0.8013678396897124,0.2478663985158145,0.011542835406941631,train
0.714313186034857,0.3999461574424892,0.0048516656799390545,train
0.6592049736187724,0.5169788457608244,0.05570685400294868,train
0.9678110019518357,0.0332595909565474,0.012024548593873663,train
0.8609059389088332,0.1615670827726703,0.00804982031070694,train
0.5773612711410689,0.7320178023434933,1.9611491174212,train
0.6589147438248846,0.5176470239460349,0.003010206406093447,train
0.7181115612224761,0.39254129023859696,0.035362593282207214,train
0.9655312353805224,0.03569927450963628,0.02671197418771109,train
0.984652179193572,0.015587048026439065,0.00015643570880112978,train
0.5847979934035898,0.7099921875242561,0.01640073795477967,train
0.7846911925462885,0.27438667529202654,1.14451384868529,train
0.660868501574656,0.5131603301069623,0.0004938777158850803,train
0.8823622268416362,0.133321406537813,1.2066875557635095,train
0.9294778577953164,0.0758728587380868,0.0073792295857947575,train
0.5997598474863027,0.6673340240950989,0.4093338399548655,train
0.9163443820780413,0.09129277110014966,0.014005519670256254,train
0.9176602550276233,0.08972791893433163,0.00046336632536312045,train
0.5886277746427219,0.6988664875811677,1.6197038892889535,train
0.8216586222858414,0.21705045486897667,0.00023427279165684655,train
0.878724338551016,0.13801331786139337,0.014729174769886085,train
0.7769593930221781,0.2870685507903439,0.027902654574564575,train
0.8312189565508527,0.20305244739545536,0.008960075734878965,train
0.5401554084611977,0.8513190543603257,2.6524056678923777,train
0.8143468281160232,0.22797801314395993,0.0028703085746779075,train
0.8496497742008193,0.1769555296364318,0.01113137361089432,train
0.9336943101705365,0.07101434495981129,0.000615537057398938,train
0.8505330394564098,0.17573327973139885,0.04276277617325268,train
0.966812366731919,0.034326860526478375,9.429051456683648e-05,train
0.7497101461706672,0.33384882825416073,1.5117895118599236,train
0.8620043511901678,0.16008695155575703,0.005028624259088344,train
0.7527006360617258,0.3285494286708617,1.1945278423627674,train
0.7353604754580579,0.35987727566823247,0.04549399488270877,train
0.6299341901901996,0.5874674141723668,1.3772627754754776,train
0.9615799362823431,0.03995514285187407,0.00018778022811164716,train
0.6519095020012599,0.5339552452144922,1.142746097228966,train
0.6749466799439485,0.4815985169125445,1.0838894468341709,train
0.8800307676859869,0.13632390675324735,0.0007662081278024986,train
0.9460343395086259,0.05704408205668732,0.0003838770484923249,train
0.730319501471543,0.3692637235964116,0.17904028548467668,train
0.884799477084348,0.1301995829555287,0.020420266041358878,train
0.6313790315842454,0.5838346697875241,0.0006292549909489531,train
0.8633325740031182,0.1583021770662254,1.1420068488384438,train
0.8457876059664805,0.18232992886825428,0.0009106729711816094,train
0.7707586434086594,0.29742301114850545,1.3642288937165652,train
0.9575369800111398,0.0443460888459537,0.001159449333954067,train
0.9534692178896385,0.04880155671239228,0.0001847509068910397,train
0.6746478936242138,0.4822546834438215,0.0006161197479293474,train
0.5730006882642947,0.7451986018187,2.429592255844456,train
0.4469279438004681,1.237497148861321,1.7450735284204335,train
0.6953407107757852,0.4381438976646561,0.036581227270551575,train
0.7229566060445617,0.38320888368556094,0.00043397190172305035,train
0.8802763241461052,0.13600692483695997,0.0005629018061911554,train
0.8709184656851909,0.1482131099531283,0.0002281659766506631,train
0.8055162975825174,0.24143981071662868,0.051042477799205774,train
0.9889780692470184,0.011144767609835293,0.0007577485165260503,train
0.9837277379490513,0.01654142851036644,2.2594371033712137e-05,train
0.8951056303944375,0.11718658228005974,0.018460263121316028,train
0.8189255200489791,0.22111226908668202,0.034796565625379944,train
0.9642256875979618,0.037101596506060375,0.0019854406729040235,train
0.8828104811906907,0.1327459531872004,0.02189184297038694,train
0.9765467257941464,0.024016540720855906,0.0018530623648602348,train
0.9525915619525933,0.04976785428398123,0.0006341803926876759,train
0.7261627182439845,0.3771018187469224,0.05759115783071738,train
0.8039734154798172,0.2438222219116446,0.00022971381493183218,train
0.6767833823560832,0.4775776505012641,0.02804372995993302,train
0.5278841246033434,0.8943551309700939,0.04467344254589353,train
0.7856671827530649,0.27280357631317775,0.0019432422435964446,train
0.6841139192787858,0.46174485245707486,0.006827624125067547,train
0.7045759674312783,0.4192933710835607,1.3984087008142763,train
0.9451877340619517,0.05799087732813901,0.00199575051344927,train
0.8918242487981454,0.12129716291930404,0.011357847267631614,train
0.6670933790818018,0.4990405112046177,0.05629159183487974,train
0.8886034795165217,0.12536133725707188,0.024752247373886288,train
0.9896659141583456,0.010441994307182956,0.0001103513778818517,train
0.9475097335039439,0.05539812905345487,0.0011593530733989325,train
0.8101746145220813,0.23430181849118537,0.005677625605368741,train
0.4959515100368008,1.0163261523809002,1.9671980136103377,train
0.9046647037861594,0.10538191201098912,0.022262238867488467,train
0.7319107946733737,0.36628672138421625,0.02446999953739786,train
0.8127031551111961,0.23046156977596266,1.162073184734327,train
0.8405500708061063,0.18969712183948495,0.0007336050463753218,train
0.6584744708715473,0.5186617617482032,0.0010241298167482276,train
0.7798277081045614,0.28233453313756507,0.007696433033209774,train
0.9487117721340598,0.05406091646841382,0.0008566930118014098,train
0.7675578241605608,0.30283343941370067,1.221933473732032,train
0.9458434681895038,0.057257393672295986,0.00037613693809075905,train
0.6494232004792069,0.5398279569656641,0.09900488186102036,train
0.7885455339625772,0.268157584984126,0.06326392341702594,train
0.6512516341620159,0.5355047842401632,1.8632035392365702,train
0.7098266857141933,0.4087945975063594,1.1130780235232252,train
0.7945469925745405,0.2585787994234776,0.0897062040778096,train
0.7465811730607277,0.33943908054946226,1.4767925287036399,train
0.8456100042879073,0.1825782511195635,0.0009371495545987534,train
0.7220075551682881,0.3850270580159185,0.0006875719491965308,train
0.8162067443342064,0.22517978066417088,0.0005370005537632287,train
0.5468049047936628,0.8288058340979048,2.1820232254930674,train
0.8277912460172413,0.2080340361308579,0.033800004686331576,train
0.5763736866962839,0.7349855190855428,0.13004868322884952,train
0.833439704632969,0.1998468448780959,0.03654567271857006,train
0.9002153394923468,0.11084532347996223,0.0001414339061323757,train
0.7494609399428536,0.3342923516150822,0.0167376290666315,train
0.9611190696361293,0.04045381221973954,0.01175997813735681,train
0.7533161789430176,0.32746385641565,0.004213422789509555,train
0.890041943021084,0.12354255643917589,0.007486912032998889,train
0.8716400040917133,0.14726262597601103,0.0040499433103584,train
0.9692917905843036,0.031681078612236124,0.0007903304388915529,train
0.7416146236444019,0.3484092251118982,0.0011793654221802284,train
0.6846658543598444,0.46056648455908444,0.008167368033712659,train
0.4730278006537476,1.1140406517713144,0.005983698288258412,train
0.9197575971824958,0.08724298996095459,0.00028308810117655576,train
0.7300347519628286,0.3697978038871734,0.0041380550084242915,train
0.44741955286646184,1.2350386647015021,0.7252809142179941,train
0.9541226439040248,0.048083290328648776,0.00033945495891624355,train
0.6210386293635399,0.6102057951287696,0.5250951367697497,train
0.9414852665327097,0.06215151266550101,0.0060625161325363434,train
0.9772767954670079,0.02325155435838777,0.0001593889742027147,train
0.7208804460667292,0.3871925718837348,0.055360750111879,train
0.8559621480916587,0.16827595966652176,0.048278434888444,train
0.7018173413874023,0.42487217261279,0.0010732630224628136,train
0.9387774011436578,0.06521524568205228,0.0001594726107457464,train
0.8366322279736302,0.19526832288310914,0.10599803483509863,train
0.56368210896736,0.7740495646242072,0.023905624349061485,train
0.7226385903050351,0.3838176004105829,0.05045203191997684,train
0.9130736345344509,0.0952019225808336,0.03221134756844,train
0.8448051558172518,0.18370489705713866,0.004165172067390353,train
0.8864197602043971,0.12813369567642852,0.009074142506364735,train
0.7200370517702274,0.38881741924457547,0.06431242101078759,train
0.9839731463098211,0.0162878974393601,0.00013726033684236208,train
0.7261086560831995,0.37720435037124433,0.0019275733214073076,train
0.9867458586958828,0.013432173226076927,1.9293367515842316e-05,train
0.963736749237528,0.03762775549563946,5.798218523904479e-05,train
0.5480011566250302,0.8248136667424042,2.4200420553041107,train
0.8627251506070418,0.15911770892081578,0.0022960702726427117,train
0.7250064345067495,0.37929810330626856,0.12856341677993155,train
0.9181679430980835,0.08912536918442027,1.01936143705443,train
0.9442910519644455,0.0589955267707567,8.409293842007085e-05,train
0.47752623093555,1.0941257992065494,2.7631491517105253,train
0.6436146754019324,0.5537246713268427,1.7671738634131309,train
0.6068011107810029,0.6479864361370695,1.887534122917656,train
0.7077475562804423,0.41293317246545724,0.006376791796194579,train
0.8409313777510752,0.18915767262047734,0.058677343592653405,train
0.8533525722088829,0.17184858002071013,0.003231724213429633,train
0.7127463678902768,0.403023635125622,1.4526747635776263,train
0.8278347453578252,0.20797055886770943,0.012888800180404622,train
0.6279779391684979,0.5924126273035872,0.04724962717158829,train
0.7165942907093578,0.3954897673132429,0.030025629487218486,train
0.6698774317488558,0.4928104047173074,0.005106044648308172,train
0.9778164029349704,0.02268687352599552,0.004590445027762279,train
0.48097569684309655,1.0791071286211351,0.02064867914658383,train
0.5085412894871444,0.9664086686225297,0.638598911825443,train
0.8484946615946812,0.1785577980191131,0.0006022339159165435,train
0.7747734877882093,0.29069981841371195,0.025090192573347502,train
0.8641137385445667,0.157255064228359,0.01855818373705472,train
0.9381652433482214,0.06591030427763056,0.013985429500752844,train
0.9496334356925228,0.053037901167356516,0.002421921082570883,train
0.7502420842908223,0.33290310013102653,0.06468211121067671,train
0.8349713784827486,0.1976458424444798,0.014394588309201324,train
0.6545299482180176,0.5278139720306727,1.0865997819688031,train
0.9126521990998445,0.0957076540069779,0.0028515974134471216,train
0.9170617940205512,0.09043905930900675,0.01431140498985214,train
0.7035552582039627,0.42135246427239004,0.00630063534761895,train
0.8734639227349514,0.14486697615265487,0.05122975769690893,train
0.7289799048966193,0.3717799260074466,0.03723166368873752,train
0.8982999151840606,0.11321395348801877,0.000490657541489554,train
0.5807191870555808,0.7220026861352693,0.001447402811377899,train
0.7247709835491212,0.379746185620061,0.025751702032221817,train
0.9385308743067572,0.06549504909856774,0.00013568014046444214,train
0.5416018045873032,0.8463749410177703,0.012903528300309082,train
0.7773788446331937,0.2863740850471048,0.00671326667839149,train
0.9341907796584759,0.07044516149643743,0.04804617688412941,train
0.9520875738796641,0.05032354946625062,0.00011471323158919343,train
0.9248907688802429,0.08120875853339005,1.112700177075821,train
0.622235447233131,0.6071086988802379,0.026647431467370395,train
0.6145620328777881,0.6271750392996702,0.004962775514298573,train
0.8615259793556281,0.16073110267428325,0.0013542427725287815,train
0.933670763586103,0.07104135526225042,0.00048417558681023245,train
0.6832393275501251,0.46361598297579865,1.645812046994712,train
0.9472031029514805,0.05573978472410479,0.0008881851113910521,train
0.987323710298163,0.012839041106395443,1.917144685354331e-05,train
0.623726922488888,0.6032657304732834,2.0930164456082996,train
0.9200357207008963,0.08691432028115798,0.0005190610438759928,train
0.9534923456309776,0.04877611716772168,0.0035093939878443744,train
0.8451199378629038,0.18326400218263572,1.1343243217470642,train
0.6331862711388982,0.5793140906250571,1.2608410458174881,train
0.7076393480148155,0.4131492303323181,0.0005286908693881708,train
0.9572995215305004,0.04460513925801557,7.583317495532146e-05,train
0.743851311350486,0.34435469124127494,0.02895234181716008,train
0.8051232738415064,0.2420458239005725,0.06969340654017166,train
0.9755729672265404,0.025038652765157376,0.00026251012058385007,train
0.5992832905866671,0.6686599071051225,0.2044725347999984,train
0.7609180662059722,0.3142019415915811,0.054425269486591155,train
0.9441577047201086,0.05914509302918369,0.028715053152319214,train
0.8720666939208844,0.14670128669163685,0.02476125200631141,train
0.8434363378734001,0.18562593890767376,0.02635857823203244,train
0.9199604398208009,0.08700326309117168,0.005056321254637113,train
0.7447508040676497,0.3427310108807411,0.02105404439218314,train
0.7191419028692215,0.39054614396715737,0.025298330905763736,train
0.6930140820315678,0.442972121242478,1.8057805794412602,train
0.7647016196492289,0.3076995972085206,0.007286561719194414,train
0.8539432950385878,0.17103794339741518,0.004798661072362008,train
0.9485341154275952,0.05425833792936818,0.005624601080971173,train
0.8948852874901958,0.1174616612645516,0.019424146898352212,train
0.7638522688956969,0.3091536684779408,0.06041227598396953,train
0.8405304020101088,0.1897249612964902,0.024155236267702242,train
0.6058376884437344,0.650607116517929,0.003495211687578334,train
0.9715771377761758,0.029254354717403785,0.0010052520551103946,train
0.8715365890257618,0.1473987582298062,0.10579487678372859,train
0.6881279605160323,0.4532180893363096,0.0004232525252471338,train
0.915712138374623,0.09204624258338101,1.0425601864754237,train
0.9435959086904409,0.05977568447476522,0.008564777541429607,train
0.9497666667501548,0.052890183461302254,0.00013746813152779836,train
0.6973537749022719,0.43399238089754566,0.022506638830957087,train
0.8243525532252025,0.21307321253217837,0.001125595829821862,train
0.7876704936844944,0.2695664088193652,0.0038985527527244245,train
0.6818768292994182,0.46654052026878756,1.389423086808889,train
0.8269971157235352,0.20919406003623786,1.2065907085873921,train
0.8806427794731829,0.13553420672820238,0.00041782221408192193,train
0.9590342943821102,0.042715579471830356,0.012477754751056535,train
0.9408426517377546,0.06287698389627705,0.018248777646779804,train
0.9895836772474207,0.010525964597104975,0.002301875794892503,train
0.7422119785745821,0.3473239840732558,0.04743668072854672,train
0.6713146573824931,0.48961442894614593,1.3154169217160487,train
0.7335376484701717,0.363256544617101,1.3997785086239443,train
0.9027747957413672,0.10769596661013403,0.0015864284137605705,train
0.9700605880226887,0.0308634453836929,0.001086055234258764,train
0.8196112272024776,0.22009065616784063,0.0058087762026703,train
0.7549620070126271,0.3245699660529733,0.0008387966587683608,train
0.6915073486106927,0.44611623001418543,0.0004377267748893424,train
0.733732815925903,0.3628939285454915,1.1328322467382437,train
0.938124041955484,0.06595711790472603,0.004811554268903377,train
0.7357324395191268,0.3591897628621594,0.11065513696548662,train
0.7049000988844546,0.4186407429684833,0.058588987001462665,train
0.9267188516297468,0.07907592280159137,0.01975878752521006,train
0.7202795769244881,0.3883497908824325,1.5028903841605135,train
0.8828409154399717,0.132706903940492,0.0008290092682737194,train
0.6881254533518485,0.45322338409226903,1.6103222003941446,train
0.8064542424805942,0.23999595677502206,0.021792115474128335,train
0.8856807285968664,0.12907503540722076,0.00036962323045314536,train
0.8488374740447668,0.1780818243508191,0.0030971136270733697,train
0.7039829702221305,0.4204889071172646,1.353694782337253,train
0.8469379705051656,0.18072401383012604,0.004995420495145924,train
0.552157088415343,0.8110788052543865,0.006842233537317274,train
0.79021149549918,0.265483994722572,0.0002457991411772521,train
0.7487405669009998,0.3355760916480732,0.003539039611634887,train
0.9753945235270466,0.025226178617427042,0.01943531435432517,train
0.8130695299573374,0.22990711514238038,0.006399609999132292,train
0.8899240307562023,0.1236914224580068,0.049546952044850955,train
0.7944640223001141,0.2587102397724981,0.008701334112509949,train
0.9783752314503869,0.022102735080032243,0.003869805203022616,train
0.5002242661862183,0.9991033374373135,2.0219229455792735,train
0.8020114212369727,0.2468650364824756,0.1924936121173365,train
0.8062665602288632,0.24028460229845638,0.0002499492079858237,train
0.7606052028201149,0.3147425185789883,0.007951497653180388,train
0.6124147238962355,0.6328804011077875,0.0005151453787339122,train
0.8486175233767429,0.17838716789736964,0.0004720909237120764,train
0.9760274795043014,0.02456131717507959,0.00013559086427536923,train
0.9396997097696977,0.06416974444429768,0.006991676976640307,train
0.5835013916819307,0.7137919707740896,1.7279734873241686,train
0.7614203595885003,0.31333498954563943,0.018837558217403957,train
0.6104923897771786,0.6380220568596875,0.17612480439742823,train
0.7978956988533059,0.25329664195100676,0.0004258516198826947,train
0.8995977274295007,0.11160796599318612,0.0033481147711874387,train
0.9849453838608819,0.015284721757977682,0.0004877196673294733,train
0.5405377326052427,0.8500096102084789,2.124132293115295,train
0.6516825604921391,0.5344894287869506,0.0014404691739163945,train
0.7865757597178187,0.2713333555546469,0.0003055150751703942,train
0.9501497265069918,0.052465703143725895,0.002510707286999314,train
0.9331051557341729,0.07169057405238943,0.032581089440325714,train
0.6154020464753285,0.6249539723298434,0.00045755272685937175,train
0.5408952166646342,0.8487869169307514,0.0018010382386846138,train
0.6636074509007711,0.5069149670375379,1.7173351365019465,train
0.7663011364723195,0.3049700077485429,0.001485675998133771,train
0.958250067118377,0.043568932906179914,0.00030664518999740374,train
0.4543125503406363,1.2011278342414622,3.0482057067325483,train
0.9076726350287013,0.10171879310692145,0.027719565035586046,train
0.9354256356958697,0.06903206608838874,0.004422459587575234,train
0.9236862990250073,0.0826186347632798,0.0006094703048796548,train
0.7475850928522091,0.3376403697200141,0.0024934444909485037,train
0.989564032735296,0.010546025238869605,0.0008997265687004185,train
0.6343057534170105,0.5765267690116187,1.6526678775113388,train
0.8544452153844876,0.17035004935923825,0.013352833574543381,train
0.9365521583130096,0.06774619130799664,1.1315017026979355,train
0.687094153849137,0.4554046114319972,1.8892314017714917,train
0.8711388662511949,0.14792260882967856,0.009421722465281541,train
0.9891724594306147,0.010946059472397573,2.9058394983976904e-05,train
0.7129107195306664,0.4027001875611216,0.054362376049054556,train
0.86804672320869,0.15201172156211995,0.00016091400782251272,train
0.9787683194659065,0.021692243314208604,0.00019276472486408626,train
0.9807976480246002,0.01957830141015804,0.0008696869173916746,train
0.9252577936498978,0.08077987222919125,0.005916412365030849,train
0.5624391189277458,0.7779702128586576,1.7625297579419406,train
0.7357135954656514,0.35922457619812653,0.010704550186165977,train
0.6950153856245306,0.4388170689220279,0.000381129895105121,train
0.9209095443648074,0.08588297962504532,0.0008097606892660565,train
0.6861144023945304,0.45748288697921646,0.0037588275163437375,train
0.9662474009816081,0.03493163239984165,8.617233787478181e-05,train
0.810594350170114,0.23366268194459616,0.009141605301709793,train
0.7544449582978763,0.3254777422810633,0.001230940057602989,train
0.8012469955050157,0.24805460190176798,0.037016076206487725,train
0.7283284612406528,0.3730068962245072,1.246394665992751,train
0.9474226768791295,0.05549510730951002,0.002068018827942915,train
0.9631426134756739,0.038267839060011744,6.764511488422162e-05,train
0.9757689390725267,0.02483278567004299,0.0022633900380828174,train
0.9813493585458081,0.019005098736528447,0.0033241786279924537,train
0.7186320929500823,0.39153262122606325,1.5881421837668708,train
0.90104839782978,0.10981829878234062,0.006216979196999673,train
0.46711483479203514,1.140801202439249,3.261533648175004,train
0.8212757250770463,0.21761787115549658,0.00021826772094959724,train
0.5756552964947288,0.7371506978033282,1.0736174540750694,train
0.6742410213484528,0.48314915339924513,0.0487643005139716,train
0.6805806282126136,0.46933362271310464,0.07654408970383961,train
0.9374657401191145,0.06670564822234448,0.017706552956089684,train
0.7275938683256462,0.37439311068030334,0.2709418925365708,train
0.6549103553555025,0.5269265355518373,1.5249577901810762,train
0.6057577218476706,0.6508250145781371,0.006150752535264769,train
0.7045698261134755,0.41930574222311856,0.0019924898546085134,train
0.9535155786807598,0.048750563030709904,5.806386599447465e-05,train
0.7169629342082781,0.39477224314848547,1.491722566123641,train
0.9548934891629051,0.04723721687183868,0.023435837469648654,train
0.3960153940062497,1.5251543630251367,3.772576439859931,train
0.7827098440002044,0.27761265258820345,0.06668672462322923,train
0.9788269120275231,0.021631084834620395,0.003676453933672988,train
0.8181434983208438,0.22227946815246735,0.0017937459565754033,train
0.6466083859678706,0.5465311333739631,1.4623329068192068,train
0.974626371482736,0.02603421091372904,5.129093786251521e-05,train
0.7575217525879907,0.32009410499910884,0.0388889209894109,train
0.9513131482441075,0.0511785754730254,6.689104137213531e-05,train
0.8993016304752088,0.11197396525521719,0.0002957360546768926,train
0.7292254113292094,0.3713180924088084,0.05285465052814587,train
0.9707366945663259,0.030145461274385443,0.008999066010853325,train
0.9016614442545664,0.10906372494027772,0.0005756739925556745,train
0.9754006453856751,0.025219744041278913,0.0005744807393697668,train
0.5660775390114919,0.766542445309244,2.498337824194282,train
0.7768936310793194,0.28717749765913814,0.04101038946282741,train
0.9854852522177366,0.014728528660981288,4.140947919038799e-05,train
0.9580775498085508,0.0437568443179015,0.00032985532801027486,train
0.7082773579108097,0.4118762781711365,0.017366854600742613,train
0.5446048905325285,0.8361935733301524,0.5606882764325635,train
0.7376545726281044,0.3556480731044822,0.05880348190336731,train
0.797127364174874,0.25450466881804323,0.006693896278817567,train
0.7718440016680075,0.2955985896618123,1.0773158640935627,train
0.7342747668686679,0.3618880085782106,0.002545931936457037,train
0.6784355397719288,0.4739793854787917,0.06309866774601237,train
0.9285176385312996,0.07698546425221275,0.003926535824240435,train
0.7461274544273412,0.34025359081245443,0.12441965201272913,train
0.489874592574253,1.0413387735523854,3.0492930760301307,train
0.656165129195826,0.5240066189216217,2.0257526745903536,train
0.9406708792245213,0.06307107202509443,9.28588773761492e-05,train
0.6207663932853862,0.6109119482250516,0.017854413422158287,train
0.8957353821517623,0.11640113802110852,0.005593157143837226,train
0.9596701586950575,0.04202469039964973,0.007808968752554814,train
0.9102787561209166,0.09856458065815321,0.0002576472338796369,train
0.7240252473394381,0.3811673055251612,0.058413791253455846,train
0.9284992641434665,0.07700677708397796,0.03356392902267986,train
0.7637202137030635,0.30938003480526266,0.04065346486615404,train
0.766891691166075,0.30396509900828206,0.0052909627140255155,train
0.7815860029218231,0.27944972947529023,0.010109108625841474,train
0.903164795245455,0.10721764761460606,0.00015023351721957023,train
0.6571546462976652,0.5217118308968622,0.235579154383191,train
0.6899104622308524,0.44946345177381564,1.3583311155771005,train
0.8801137959822467,0.13621670807234065,0.031103478387311208,train
0.8136371278396535,0.2290491249522646,0.0019203770887722142,train
0.9428072352058063,0.060662203957003946,0.0042330000008439445,train
0.9424457372221734,0.06106904674158309,0.0015226397466662825,train
0.9824635000112595,0.017849518062034386,0.00014056411296923515,train
0.6569375728132155,0.5222146538485875,0.0024005958741025665,train
0.9689165999386656,0.03208057335719294,5.020612884154861e-05,train
0.6818768292994182,0.46654052026878756,0.011857193531491082,train
0.7199799273558433,0.3889276103467805,0.16837367291335673,train
0.9120301444015081,0.0964549868647373,0.001115992664037815,train
0.9379509324075377,0.06615385245494076,0.00011889813246066509,train
0.742777206723286,0.3462987164232407,0.0003350844490613697,train
0.5749346345700266,0.7393281598835402,0.041877319450788944,train
0.9002150610763534,0.11084566703909338,0.08022468466141437,train
0.8808443811368012,0.1352743133916785,0.004256735507119266,train
0.6659303691964753,0.5016585010331032,0.02895055018754578,train
0.630472176598612,0.5861128168969885,0.0873661865543633,train
0.8405056814098223,0.18975995298764659,0.04894487013850555,train
0.3269692344077349,2.058391722424217,2.987955582156193,train
0.8351261221165197,0.19742392617971127,0.024428493514105098,train
0.9074460099595221,0.1019939357544879,0.002607434557509858,train
0.8517385645821173,0.17406918223859358,0.010419785554021966,train
0.6151322358074541,0.6256667132512552,0.001671091424517335,train
0.5808321141939794,0.7216678891588144,2.1995696042368027,train
0.8717302457514908,0.14714386115848477,0.0008413833414453544,train
0.6484545047814739,0.5421282335558688,1.0667599327406558,train
0.68211681692696,0.46602455061165626,0.010775907826054334,train
0.6623545710727355,0.5097653789577099,0.00967507356736228,train
0.7520468528366188,0.32970438773613053,1.2442761437931373,train
0.7046382448899613,0.4191679308524665,1.6800516396210452,train
0.787511769885192,0.2698222912221182,0.006151065351651924,train
0.9130811278784069,0.09519293463391776,0.023036042251329814,train
0.8595820140908604,0.16335612379890607,0.020668374704581015,train
0.9697585049943465,0.03118456280600479,0.0002186297074643575,train
0.9432184387112412,0.06019979991733604,0.006246438581980919,train
0.6918883930959154,0.44531980877061983,1.0227560086991432,train
0.5923635470341508,0.6881524952148146,1.6443369575948268,train
0.7069587725410117,0.414509641638245,0.0015009519526198983,train
0.9318219949888975,0.07316634011404166,7.781676634032695e-05,train
0.6210072483725849,0.6102871627031821,1.4635778283653735,train
0.7787566681418255,0.2840981540306786,0.010112180797009894,train
0.7816225902599895,0.27938983911323767,0.09551939063632865,train
0.7935735159549983,0.260122698016938,0.0004211116229931088,train
0.7000967570637723,0.4283739924664576,0.0010985627689902387,train
0.5629346559852337,0.7764051109090553,0.03368088626708234,train
0.9257250353162901,0.08023436965635544,0.003035878446606059,train
0.9675341441511001,0.033555255951597474,0.01037595195058358,train
0.6472050135775098,0.545105459663191,0.003812267530112861,train
0.8292474193329805,0.2059127067339772,0.0011257283961278682,train
0.9886547869862098,0.011475403915632398,0.0016692577393655338,train
0.8262408798724914,0.21030080253875094,0.005135440601157467,train
0.7280026901616887,0.37362129771512365,0.07715801465795667,val
0.9222075117964513,0.08435464600804399,0.0008469901592252011,val
0.6908854342893359,0.44741798041903724,0.013330902937486568,val
0.7040274357114691,0.4203991908204967,0.0025169308390002804,val
0.720817117782556,0.38731444541202364,0.06817314469054887,val
0.6043574215113605,0.6546499875838827,0.06331678323008468,val
0.9776318041736316,0.022879979692636665,0.0017820173716708273,val
0.9538391278734779,0.04839481918657995,0.0040037872865970265,val
0.8037218429158721,0.2442115500706541,0.0007790333162360164,val
0.7041791108976557,0.42009324690879457,0.017643795226738097,val
0.9681843119412793,0.0328611894102353,5.6667775749189215e-05,val
0.7333142752962598,0.36367180305606195,0.02198676093418048,val
0.5023176951107325,0.9907719949613896,2.4387174099273223,val
0.8864864020585731,0.12804888792183267,0.00035041810278885384,val
0.8898494584965145,0.12378559142980805,0.002378245321724075,val
0.7223303082352946,0.3844081974672675,0.0019837230767894027,val
0.686156684417014,0.4573930746585084,0.00634491196084374,val
0.6779453756407146,0.4750450935002206,0.010600445418106888,val
0.6746446359221095,0.48226184090709046,0.04270065210542831,val
0.9195722378947189,0.08746214684494347,0.054773404067675606,val
0.9185486245207042,0.08867399428287959,0.006687736262684302,val
0.9471778678384962,0.05576791218955135,0.00017865583594175386,val
0.6479754079784057,0.5432684445847453,0.012838818442998038,val
0.7995179601572306,0.25075364136078093,0.020110376160302312,val
0.6818768292994182,0.46654052026878756,1.6157520383181136,val
0.6696746489611543,0.49326243953129967,0.09760991457173254,val
0.9579956650513196,0.043846059518891645,0.00020245041815393638,val
0.9801124885209205,0.0202910499682456,0.00014504687514412903,val
0.9066943170785409,0.1029075413443632,0.008176556842436495,val
0.8906718268439046,0.12274798625156902,1.202150687539202,val
0.7388774615968926,0.3534043897329857,0.14173998179305974,val
0.9402372512692007,0.06356134970203242,0.04981385767157852,val
0.6746974243152841,0.48214586859413133,0.009695006447536007,val
0.7002386291792522,0.42808459620700634,0.0646291986100755,val
0.6396526140711454,0.5633485707740342,0.013372318026095733,val
0.94870651666689,0.05406675555821039,7.43666865518684e-05,val
0.8355526718718512,0.19681264109866925,0.0068846328992418935,val
0.9678377670452644,0.033231016653673784,9.696337752289203e-05,val
0.6060659990134301,0.6499853178165842,2.1026602061970747,val
0.7729222201297793,0.2937912430982934,0.0003429876640543252,val
0.9163464107513819,0.09129035511802153,0.009659745333094633,val
0.6770148093160826,0.4770725636123021,0.004811475617584949,val
0.9755789662766132,0.025032349576571855,0.0025163889596286097,val
0.9671780480903689,0.03393579080339548,0.003993655801040172,val
0.8824134942678706,0.13325556158871943,1.169604903133907,val
0.7043872152201534,0.4196736942300323,1.1784246126435312,val
0.9320758383079902,0.07287407193744389,0.006970324963213235,val
0.8029933092343062,0.24534038889259158,0.0015021024068893965,val
0.6532168154605683,0.5308852686147136,0.010533274989025586,val
0.7812224742044344,0.2800450998524586,1.1309490791580135,val
0.6463030198774132,0.5472618404129905,0.09743325174298827,val
0.9614662118305172,0.040078151156366815,0.037172831452343784,val
0.6806727748382648,0.46913471048935484,0.026170232176292392,val
0.9755027865998532,0.025112397152172727,0.0002188100462367237,val
0.9683616844042032,0.032672002729292826,0.0007709350114078981,val
0.9702262447612605,0.030687435430141186,0.00013916854823978425,val
0.8268044389125673,0.20947584814037,0.0009746929349591846,val
0.9377345776777347,0.06639983616308931,0.008932808578721219,val
0.7100219728501475,0.4084071172978381,0.0014987003562455356,val
0.9503744226465094,0.05221686965785355,9.249582835152156e-05,val
0.7338302956412425,0.36271288598976503,1.2479681380172045,val
0.9764061712907235,0.024163948777676802,0.0040170687952813845,val
0.9241946528409296,0.08202313974231346,0.010041751425196978,val
0.9015466360287381,0.10920495960690779,0.0006749874897866889,val
0.8663357441461449,0.15428689945789298,0.013128166834492638,val
0.9781879467360641,0.022298427757893036,0.011411357489616022,val
0.7512039180152085,0.33119646479233955,0.006337316056012656,val
0.8019127819396268,0.24701840714054923,0.0026139236070635207,val
0.9496837013887451,0.0529821650489275,0.04847599150774401,val
0.9115889608446751,0.0969856404068381,0.000131265508322724,val
0.717839377823952,0.3930693005883652,0.006695531186797859,val
0.45367217994733505,1.204234784941157,1.112255069492744,val
0.8953050965315215,0.11693768289053019,0.004205669711678109,val
0.9219117774252009,0.08470248942137504,0.0004077304412280416,val
0.9650058796179294,0.03626311623710077,0.018688464217222825,val
0.6656321767082803,0.5023312198416447,0.0023798224294206975,val
0.9447753674573673,0.05845265916622733,0.00034134191164998445,val
0.6348362186660927,0.575209432916703,0.002655141854052933,val
0.7175343943471723,0.39366141592393045,1.2867259904061394,val
0.8901386692319678,0.12342046758043113,0.0005304033508415861,val
0.9497720354488762,0.05288423187505753,0.0005727671734108497,val
0.9343415041455424,0.07027248127493002,0.0012083894715816787,val
0.9568763243042481,0.04506713626456116,0.0001148978117445584,val
0.7726616672041104,0.2942275286135485,0.0031243662181286817,val
0.5984970888237794,0.6708519033322125,1.2768192942595271,val
0.8818896669481976,0.1339286959337287,0.009874011821038045,val
0.7431437982524627,0.34563458963332083,0.31216403899247314,val
0.8619185096916566,0.16020248869900788,0.0007326964026966611,val
0.7022250377580557,0.42404492325228027,0.0006611268845227213,val
0.9290330115256679,0.07638801591968125,0.004867007049187465,val
0.9527108810312712,0.049636379630240146,0.000388565257068083,val
0.9089141699333764,0.10021389596478647,0.0001737357102186065,val
0.6065600482806762,0.6486413881602462,0.21037824603103958,val
0.9255767701554279,0.08040740891981812,0.00026428390383351403,val
0.890519482410909,0.12294005886619552,0.0001481432282052526,val
0.49819505253668783,1.0072459469604196,0.16457512655663825,val
0.9532208091427613,0.049074873742325886,0.000248436301781518,val
0.8876161753420314,0.12661308770613933,0.019641408561385597,val
0.9658388425680092,0.03536941767755142,0.00027333064538209213,val
0.8587354465355514,0.16450299569484494,0.010328726561079497,val
0.8097803901030977,0.23490271216951109,0.050767285520870856,val
0.9269485969213088,0.07880847257476642,0.011099295822681467,val
0.7145468018971683,0.3994884552627411,1.7161809662396985,val
0.7727608436742841,0.294061426877235,0.0010945076285252733,val
0.8194510668840249,0.22032912081317457,0.0019666824653548237,val
0.6221043483253702,0.6074473722806781,2.0326178596884534,val
0.6527575132225666,0.5319624512066494,0.010498093734409278,val
0.42065518802514185,1.3772439481721825,0.5443841861860081,val
0.6064130228866842,0.649041102778003,0.032648676124881815,val
0.9826725075621594,0.017633028607696666,0.00015748077728944637,val
0.9067771430481869,0.10280680061965253,0.00025483148384313517,val
0.7090903534134749,0.4102575154014172,0.06176123314008075,val
0.6196733606247011,0.6137534119457491,0.21366672268346515,val
0.6907566750135075,0.44768778380671526,0.13968497147468142,val
0.9807055339247699,0.01967406668749372,5.441504518721047e-05,val
0.9312084956647886,0.07387336418800738,0.00021429200942941858,val
0.8902455945831348,0.12328553613147464,1.2328579799022779,val
0.9828826298279127,0.017415477344516983,0.0015385173732443912,val
0.5375387029455937,0.8603311622404495,0.001048622735550659,val
0.6263248277370332,0.5966156149566799,0.08740144498389012,val
0.6667232228757161,0.4998727593240142,1.8306838684498439,val
0.7236651890660737,0.38185450275776045,0.0024581181738188964,val
0.949357441577923,0.053344036928708594,0.0037947298385727552,val
0.8922710378835514,0.12073569301540865,0.0019061424465851634,val
0.6293088150088937,0.5890449587709454,0.0023936601273210536,val
0.6508237383273107,0.5365143296249628,0.0008644879528186559,val
0.5877442786252057,0.7014202202684179,0.002518756224213669,val
0.9851750523636114,0.015048033951754025,0.0001943780652547833,val
0.9504968444162122,0.0520813465868919,0.0023564696337412022,val
0.6702719927966388,0.4919316497584898,0.15914762434131569,val
0.8639621702970283,0.15745808599027233,0.0006966678560550486,val
0.6084991627148824,0.6433876351421683,0.32133092372277605,val
0.6381829467150602,0.5669487960268016,0.012417887764731744,val
0.7828133885075296,0.27744365985684905,1.1129844819912307,val
0.6192018060826304,0.6149823695226002,0.057792742928035705,val
0.9384964377119112,0.06553414570015503,1.075682008289592,val
0.8285107858324955,0.20698489035986478,0.004058219575471156,val
0.8121197280194025,0.23134553379068867,0.0005706188493174012,val
0.6632529216449385,0.5077204598208065,0.00043211019998248606,val
0.7888861462771276,0.26761004071265604,0.014315229287894221,val
0.8290935914180024,0.20613644870863812,0.0008784578595415431,val
0.615428441021981,0.6248842811674402,1.943120150495039,val
0.6507605333689764,0.5366635632050651,0.040173325745066324,val
0.6663555377838942,0.5007003668427681,0.00720611595699499,val
0.6100347870773466,0.6392507791087814,0.001343895959007149,val
0.9230990989851805,0.08330730806623188,0.0007755145473350859,val
0.6329550895968223,0.5798909218614179,0.0004869071709036406,val
0.7685699591075242,0.30111772929716896,1.3792750621555376,val
0.7956663178217943,0.2568082594442189,0.0016556244346257233,val
0.6649396687674506,0.5038958374278164,1.406403856089442,val
0.5940114912650458,0.6834691158420765,0.05265566354905145,val
0.9604562769531698,0.04117180968640621,6.286418026374112e-05,val
0.9104823800461245,0.09831889327648557,0.009186941038804275,val
0.7575111982388465,0.3201124977755059,0.008761210915622727,val
0.6123180537189186,0.6331381933400331,0.09273867057953403,val
0.933871552962007,0.07081107335184389,0.00218310511542129,val
0.8196503512467744,0.22003241806569696,0.0007825607693560894,val
0.7971473161418764,0.2544732695581451,0.0545095259277578,val
0.9853966175142271,0.014819801718633396,5.597496051442222e-05,val
0.6594266705395824,0.5164688428233273,0.0006499883197499576,val
0.7325570360709956,0.365081421323056,0.011546282503148176,val
0.7852852053278414,0.27342269180089707,0.0009953572550574924,val
0.710730979626506,0.4070021269165822,1.6191381076610452,val
0.8101109894604577,0.23439875894784534,0.0775565665857745,val
0.7376768570759682,0.35560712039122166,0.06856218702289468,val
0.5803351295033801,0.7231422830731389,0.06819440397873199,val
0.7925819526863676,0.2616991802685038,0.0007624664370727507,val
0.6381008599208324,0.5671503720024254,0.0013155821190733536,val
0.86146955284056,0.16080713091096221,0.0026095654419310698,val
0.6966900388618884,0.435358544286923,0.005416015134646438,val
0.6172558878341542,0.6200736513163605,0.18338101186812353,val
0.8875380954130194,0.1267121999249463,0.004101290228010586,val
0.9446194309730493,0.05862738708423909,0.00018184951878163398,val
0.7552578381886612,0.3240511378184505,0.1143122865993236,val
0.888800885462987,0.12511139036398244,0.007757730216787488,val
0.9308900469537797,0.07424072614416044,0.016724875541558763,val
0.966680642927994,0.03446780207689315,1.0484422499067398,val
0.7849416549558852,0.2739800387535827,0.006537588974974042,val
0.8115574394458644,0.23219867306349262,0.06152601074115873,val
0.4084131316670111,1.4485010947574617,0.0396746780896994,val
0.9506788895973811,0.051879883883302336,0.01557571854857724,val
0.5498335443911186,0.8187322512441326,0.0008693431328191999,val
0.816133216017697,0.22529016142668068,0.0053807593701551614,val
0.9530954342274894,0.049212874270589735,0.009809769219374598,val
0.562579120159137,0.7775277541710568,0.062139314673762595,val
0.6230379945607436,0.6050385509876062,0.00854433642306913,val
0.7486664172248021,0.33570837023364164,0.01945736854429105,val
0.8049977025324514,0.24223957019267095,0.00258673642317646,val
0.9191267587913388,0.08798921414823169,1.0299883413616546,val
0.6352160330199551,0.5742675688549337,0.010251955368387512,val
0.6968166312721338,0.4350977791307358,1.7258104016241658,val
0.792485143927134,0.26185330748855806,0.00024073574278829954,val
0.9794329718916183,0.020998913349486115,0.002768771742301176,val
0.5105959068895383,0.9584959191933726,0.0007228571838113713,val
0.8819548895976919,0.1338448392254563,0.010159800778695108,val
0.763438985772858,0.3098623709760675,0.018566080392090314,val
0.8120945530011403,0.2313837056343313,0.002574160735183113,val
0.6646594772973894,0.5045298143737575,0.08533088668655761,val
0.7332378713079818,0.36381389877769976,1.1517015354752513,val
0.9041694543770759,0.10598737344975473,0.0052985498082668905,val
0.7789956921976411,0.28370414626925466,0.0003646810872434464,val
0.6318930472714377,0.5825462937408097,2.087103960746616,val
0.6951599158467187,0.43851792545026136,1.8359220790369988,val
0.7244501041953088,0.38035731406341844,0.0017775188309025471,val
0.982496298642288,0.017815539236025968,0.00013793739078830377,val
0.7527959071747113,0.3283812922855287,1.579082555574203,val
0.8442999045187145,0.18441325724185753,0.0009099209011720187,val
0.6607291700561607,0.5134794183750082,0.013886456138138072,val
0.9604499378668617,0.04117868154687798,0.0001269707283494762,val
0.6468375771417727,0.5459831576556997,0.08153242904536358,val
0.9414822192170391,0.06215495055405906,0.021641892057914884,val
0.9752917355110612,0.02533422932779339,1.0243346327708052,val
0.7485800255157051,0.3358625209256536,0.047600444706880296,val
0.9595259618264586,0.04218128511760022,0.0005648181216219835,val
0.8686873219886341,0.15116218999347164,0.026992962830356102,test
0.6846610543692253,0.4605767242322478,0.013419772067024938,test
0.9907312203721318,0.009355493636696632,0.0002383792571715868,test
0.8187717135255358,0.22134165540980444,0.0016024601224283676,test
0.6958132759980369,0.43716717472177313,0.007342250324494824,test
0.7695619713915761,0.2994405092441479,0.0019533035164836705,test
0.6665039398048316,0.5003662248310552,0.008906883917308586,test
0.5147108508885913,0.9428383883370846,0.009308527282746497,test
0.742155340478501,0.34742680603127507,0.06462621504307652,test
0.70564539534458,0.41714238709328066,0.029952126230057666,test
0.8333477745787938,0.19997920496690424,0.0006039063093600265,test
0.7907934513279794,0.2645527075631444,0.0009491010434105506,test
0.6768402400969268,0.4774535270787019,0.0005188216251508662,test
0.8926249007745958,0.1202914002647999,0.009589170003548081,test
0.9110739693156483,0.09760571992979705,0.04145423616303015,test
0.9369509296837845,0.0672917527681991,0.018443486370980266,test
0.9828486616527871,0.017450640181338573,0.004402882597771083,test
0.47465077810287015,1.1068120945611764,0.010279906581659073,test
0.8664857385041307,0.15408708483346012,0.00251438739983816,test
0.799151946029587,0.25132649049818756,0.007524435709941239,test
0.8041748508491928,0.2435106605783801,0.0023555355120183203,test
0.90428181772737,0.10584994677122639,0.005292482531475327,test
0.8806328175917016,0.1355470521013924,0.002871549148701415,test
0.74355317090493,0.34489373340035034,0.0020547178018904917,test
0.8949248645486517,0.11741224276335438,0.000495746830378613,test
0.6885793516424507,0.4522654471336174,1.3178192878877468,test
0.9876020007515789,0.01255363925851305,0.00023448996503766845,test
0.7421089609934826,0.34751101598513423,0.0009529653146140441,test
0.5554547285632093,0.8003267387545565,1.2509706703696637,test
0.6567807641534965,0.5225780878172759,0.2707282570965808,test
0.7750646233078632,0.29021499617947377,1.2106725737190192,test
0.9472467485428918,0.055691140178898646,0.015714580032476,test
0.5605731383344801,0.7838885448045227,1.3911495350152205,test
0.9395272295433535,0.06436510678465224,0.011062803361500834,test
0.8715538320260371,0.14737605785677466,0.00039035870891384504,test
0.9317222319825308,0.07328124807345948,0.006579398971051813,test
0.9212753145895226,0.08545185588257453,0.0013789513892282343,test
0.6900371974901922,0.4491972369565098,0.008878719364155336,test
0.9862800680209792,0.013910787030858796,0.00012921863909721645,test
0.6499996811772331,0.5384622930720078,0.08217490522965924,test
0.8526858251616759,0.17276489240382542,0.004427070414586852,test
0.7570657699907115,0.320889200963701,0.01815164278480626,test
0.8814268020190572,0.13452415754698044,0.00019550754548076422,test
0.814162745081988,0.22825566023571575,1.0681003613845645,test
0.9564965102645449,0.045482120706768825,0.013744023899233428,test
0.6634514636614314,0.5072692650058181,0.02234420763309901,test
0.8092399637601291,0.2357274044567763,0.0005236253515971073,test
0.9271307877212276,0.0785964755392019,0.0008210836363594554,test
0.8542699896994784,0.17059010858123158,0.0001962108384547504,test
0.7098817078447086,0.4086854034260545,0.11147545736939113,test
0.6917374453905317,0.44563519968972276,1.183501148417141,test
0.6360330279950849,0.5722453960484073,0.016855530317422096,test
0.9488633345918035,0.05389255074356436,0.0040124073436060715,test
0.6622344969218406,0.5100391245822156,0.012932949267732296,test
0.5410633197824557,0.848212516793909,0.004901603101645613,test
0.5078786124949735,0.968974426955018,0.0017650793307667793,test
0.893181316293002,0.11959350443013173,1.05541431137864,test
0.6550381013799292,0.5266287531875784,0.015702883449686067,test
0.5082013850130664,0.9677238777582018,0.07780259237673945,test
0.671355716123087,0.48952332717855196,0.0073945317839429325,test
0.6076548283774366,0.6456711167262601,1.3799566267630838,test
0.6759454919339831,0.47940923037869165,1.3011432511588261,test
0.8956468163466648,0.11651153306053263,0.02994301332320811,test
0.7903530960160456,0.26525726923918835,0.03132645189613035,test
0.5631374635204379,0.775765358867315,0.15167556052392914,test
0.6372892351234046,0.569146228880455,1.1150140239503843,test
0.9216429119528017,0.0850189233063956,0.0027640313169288513,test
0.9573639537255308,0.04453483558531035,0.022574958351069832,test
0.7791718954271394,0.28341384727666985,1.1461380737848048,test
0.678429168075422,0.47399322885366946,1.1337981895850011,test
0.629416262781394,0.5887736925973193,1.2105852058751003,test
0.8059341898863396,0.24079610041240396,0.0003172256672252929,test
0.9319888732266615,0.07297418319799842,0.01176314183674625,test
0.6977393026370343,0.43320004508933674,1.300348095555844,test
0.606424510495815,0.6490098646942819,1.1586325125081622,test
0.6262472067274147,0.5968135095176046,0.02087092773071748,test
0.8224793947154154,0.21583593026790426,0.1317776120856646,test
0.9876020007515789,0.01255363925851305,0.0011173214696823769,test
0.8924569418574372,0.12050223724938203,0.00315749896867293,test
0.7722062195565645,0.2949908647125956,0.018017913258666647,test
0.980066745253475,0.020338670649793,0.00020587413786029817,test
0.6655781953231906,0.5024530656603334,1.3519537529280776,test
0.6656798661643731,0.5022235924934446,0.007597502243655321,test
0.9889528004295669,0.011170603456135186,0.00025155077582289016,test
0.6757231870705878,0.4798959383578729,1.3014475109085308,test
0.8952949501513991,0.11695034114834968,0.006238826531718192,test
0.9915048018418251,0.008567984887611457,0.0024305320269648544,test
0.5864719316869021,0.7051114400712133,0.006970529616845689,test
0.9687595962489246,0.03224783926996899,0.004222239509317292,test
0.6328714326848442,0.5800997617441481,0.0050907864847278,test
0.5449229193342806,0.835121931046094,1.1632538648168917,test
0.6147654730021677,0.6266365694165683,0.03391449218926839,test
0.6762573866321753,0.4787269163596024,0.008059477280226985,test
0.7301926511643696,0.36950159441538344,0.058067789398915916,test
0.8320399635392554,0.20186534760456887,0.013547232750387498,test
0.95111422701291,0.05139842470932399,0.00014718534258382194,test
0.7319848906646413,0.36614841747894733,0.05303900970596767,test
0.7511533616916952,0.33128606087559764,0.0023889776881668694,test
0.8319695156634312,0.20196711679102508,0.0009385518884569441,test
0.8899416861260766,0.12366912977524191,0.00832378238390784,test
0.9249568593386902,0.08113150348975506,0.008364784324323582,test
0.6476072352331189,0.5441458118361362,0.000943160615355629,test
0.929785250007051,0.07551716914461326,0.0008357695926679309,test
0.9027040618587865,0.10778276320244795,1.0871637160761618,test
0.9158199847749954,0.09191764388684587,0.0037998827685500184,test
0.8905627097094436,0.1228855521317096,0.0015036351752262024,test
0.9532446174882996,0.04904867192945295,0.0008135043205782228,test
0.9695572842291568,0.03139857362326626,0.0007109949410770288,test
0.6422553937553299,0.557013004052644,0.059056995417184274,test
0.9858744057066421,0.014327985605055993,0.0005696917016639531,test
0.9605978730373252,0.04101833667202359,0.002026029019746377,test
0.6022329541133118,0.660487014484842,0.002355548075236986,test
0.6654943955266039,0.5026422562262192,0.13266670562751043,test
0.63964676136394,0.563362875265196,0.02873183238404313,test
0.8956468163466648,0.11651153306053263,0.00027484396354810137,test
0.9798320689922945,0.02058304850998316,0.00010965600035629963,test
0.5690929843775905,0.7571820905395397,0.278927292082038,test
0.8004466702882581,0.24930246713360482,0.07757910806339763,test
0.9231264447712363,0.08327521724048759,0.005424749742134711,test
0.7020861742646024,0.4243265807754246,0.11485470852325194,test
0.8195103906072757,0.22024078213209397,0.001020936356481072,test
0.8918622408116607,0.1212493973171529,0.03717246951089767,test
0.8360042085976525,0.1961662270545752,1.1188746470566031,test
0.8630060969569827,0.1587403652489443,0.021911048890752106,test
0.8160401953748941,0.2254298325839128,0.010917115241121517,test
0.8701143989484025,0.1492741657977088,0.011586056598945538,test
0.7492426342536205,0.33468112235254566,0.0007229702778131508,test
0.6651000275855398,0.5035332409024569,0.22697252165005266,test
0.5435178170405754,0.8398660883739653,1.4771252367477914,test
0.8545700197964227,0.170179127320921,0.028397733974811656,test
0.9270133905595059,0.07873306921321,0.001552851374510189,test
0.7546929924897058,0.3250421163989279,0.11879252655345628,test
0.7400530886643973,0.35125441041633776,0.0003809433267482245,test
0.7775292664112394,0.28612522151815,0.004271255623154783,test
0.9546056672634785,0.047552967987976924,1.004633283566155,test
0.9335038995427288,0.07123280415844424,0.0017585249720731937,test
0.8799626371034345,0.13641188595426224,1.094519216780074,test
0.7510683875330795,0.3314366795340016,0.0030752778357124116,test
0.890919945673356,0.12243530393092894,0.0001560157606514201,test
0.5816448475822098,0.7192621995308912,1.290478937909173,test
0.631337552262117,0.5839387288415607,0.023497112683869142,test
0.6022610032987861,0.6604096803921615,0.011037884819632122,test
0.7132885760122276,0.4019571231473884,0.0005675887472839366,test
0.9562775294968172,0.04572152869281476,0.011297989190632832,test
0.661879818198818,0.5108483028252966,1.0349867336428875,test
0.4923078526677712,1.0312493383582884,1.5400127693066292,test
0.6491796416301748,0.5404056687435075,1.0322085062262263,test
0.9812637157478143,0.0190940355293856,9.687071174215837e-05,test
0.560428657745292,0.7843484378960646,1.4927347731121339,test
0.8077301237241046,0.23803727337717673,0.01754818096563049,test
0.7755397788798372,0.28942451081537746,1.0435849615476633,test
0.7211143964713854,0.3867425264192199,0.000790986559557284,test
0.5388512816058354,0.8557996132437344,0.02206669248060376,test
0.9094921335128588,0.0995147326206769,0.0001651485995938819,test
0.8790163132752182,0.13763531449603716,0.0016749022778059818,test
0.7745416901589783,0.2910860870442562,0.005483285592933875,test
0.723923478704727,0.38136146901774803,0.08519678502511022,test
0.7236887411252247,0.38180953104943116,0.2081676582176668,test
0.6470158855650007,0.5455571065720577,0.3439866589192167,test
0.5533541555370666,0.8071609113144442,0.0014020570495631832,test
0.9360033532794922,0.06837224086460969,0.012052357259840033,test
0.9509408581840315,0.05159010825305632,0.028196171080822157,test
0.7359167088935429,0.35884942944631426,0.0905922304387304,test
0.7710271921329084,0.29697111879242466,0.00042759017373350115,test
0.6130527297894746,0.6311810573674554,1.2452975039318919,test
0.7601865215633529,0.3154666277737488,0.012787987662362627,test
0.9562201249915824,0.04578430621171359,0.007246396287534736,test
0.7339595969700711,0.3624728174795939,0.001148227619346768,test
0.9875140460899925,0.012643824115155633,0.004665752045277308,test
0.5570644699608831,0.7951243597894866,1.4221075685469267,test
0.6757231870705878,0.4798959383578729,0.0015429409132471093,test
0.7309234490079352,0.3681323281627864,0.10780038321267606,test
0.7013530965448085,0.42581533456751663,0.05479469328074151,test
0.5497086301035164,0.8191455349931263,0.015478020723475563,test
0.942765593414423,0.06070905322105635,0.00013802145804645097,test
0.574386114993801,0.7409891602459653,1.528659284767078,test
0.9687510229719473,0.03225697448265574,7.789772508403424e-05,test
0.8975739245656728,0.11411436164869682,1.0123390334717248,test
0.8588868591865176,0.1642977061578701,0.00021161758708218315,test
0.9573501908093318,0.04454985187250293,6.656921256083977e-05,test
0.9321576042495512,0.07277996278866006,0.0018584459890498017,test
0.9777254275774538,0.02278203245438415,4.658139049584835e-05,test
0.9300271342693879,0.07523744539516208,0.0012907464893017774,test
0.8922224429115215,0.12079673398124369,1.0526893586048724,test
0.5934841169660673,0.6849650587315979,0.07284907435231026,test
0.912712487238187,0.09563527834043306,0.0004286461116013777,test
0.6680592796374847,0.49687315254813846,0.1348048975943367,test
0.4263577016477861,1.345448425430578,0.1037576024945428,test
0.9495442540127752,0.05313680302313317,0.017829314163183042,test
0.7001181567095555,0.4283303331252566,0.0011073363014370223,test
0.9477037426288168,0.05518207327758318,0.0008226472904584465,test
0.7546929924897058,0.3250421163989279,0.004627702081699423,test
0.9230020307458027,0.08342123493702558,0.0009447025299983657,test
0.7536271383688229,0.3269161221614647,0.15857210639879205,test
0.5958520345178322,0.6782690031581537,1.1383324602841818,test
0.6168657644903922,0.6210982316811249,0.002282332422656778,test
0.7904720596199154,0.265066851927483,0.05178443043359127,test
0.8437810563161992,0.18514156310385244,0.0002604029228080591,test
0.9025980321498783,0.10791289630681122,0.001964813668004321,test
0.5501599434939012,0.8176532330749113,1.4928329491248689,test
0.9143469405619047,0.09367676058002439,0.0008241659444324593,test
0.7646113044524703,0.30785406150395445,0.0020634098107483365,test
0.631761825851054,0.5828749998512301,0.006828944538363352,test
0.5653154263780701,0.7689239552632035,0.001976391773756064,test
0.7228784634990029,0.3833584073865266,0.03352433620737937,test
0.6718933672846881,0.48833140598080904,0.0006722370930270615,test
0.7985036296843365,0.2523424601029287,1.1018695371193437,test
0.962693694266952,0.03875199968091114,0.006534415868771051,test
0.9535607553006242,0.048700876626088796,5.570502931314247e-05,test
0.895617532253454,0.11654803974628591,0.013431504856988378,test
0.9040552773498174,0.10612705334947958,0.018230359382242472,test
0.9003907540108738,0.11062890811062598,0.001462789419295834,test
0.9895379261790038,0.010572686042862767,0.0016226929648135383,test
0.7511533616916952,0.33128606087559764,1.1642426955433818,test
