theta,m,t,delta,set
0.9999545794446535,31,0.04490257607075551,1.0,train
0.1931001671441963,0,3.0540759171480127,0.0,train
0.1931001671441963,0,3.6990510598780713,0.0,train
0.9999545794446535,832,6.837328769062636e-05,1.0,train
0.1931001671441963,0,4.66608650225348,0.0,train
0.9591177439037861,16,0.049172852235847796,1.0,train
0.9999545794446535,258,0.002566600148210524,1.0,train
0.9591177439037861,1,0.13948177840638948,1.0,train
0.9591177439037861,15,0.03199479263174141,1.0,train
0.5330035777815809,1,0.9239246989584375,1.0,train
0.9999545794446535,21,0.05367727814092791,1.0,train
0.9999545794446535,4,0.08001879328923428,1.0,train
0.7968121300200199,1,0.3430274831173735,1.0,train
0.1931001671441963,0,4.860925550717358,0.0,train
0.7968121300200199,7,0.07861502644974241,1.0,train
0.7968121300200199,2,1.0295181277848502,1.0,train
0.5330035777815809,0,3.0354837401332104,0.0,train
0.9999545794446535,953,0.0017682021297405,1.0,train
0.5330035777815809,0,0.9206902263395582,0.0,train
0.9591177439037861,0,0.839039439233837,0.0,train
0.1931001671441963,0,5.526607093769161,0.0,train
0.7968121300200199,0,5.1789843728030425,0.0,train
0.9591177439037861,0,4.675626074693303,0.0,train
0.7968121300200199,4,0.5517498283524236,1.0,train
0.7968121300200199,0,0.12215737376505342,0.0,train
0.5330035777815809,3,0.06798329796943903,1.0,train
0.7968121300200199,1,0.20617173591195867,1.0,train
0.1931001671441963,0,0.7074977304131096,0.0,train
0.9999545794446535,190,0.003282502594685112,1.0,train
0.5330035777815809,0,0.828011397542697,0.0,train
0.9999545794446535,104,0.002557529398933206,1.0,train
0.9591177439037861,5,0.09016700867681429,1.0,train
0.9999545794446535,6,0.06771332775238324,1.0,train
0.9999545794446535,2054,0.0006701214790077144,1.0,train
0.7968121300200199,5,0.36326645361649357,1.0,train
0.9591177439037861,0,5.744384896174976,0.0,train
0.9999545794446535,5,0.14453396967742013,1.0,train
0.9999545794446535,5274,0.00025564564120717436,1.0,train
0.9999545794446535,0,5.655018711433418,0.0,train
0.9591177439037861,51,0.028845978589380587,1.0,train
0.5330035777815809,1,0.025754321136902788,1.0,train
0.9591177439037861,1,1.989010580207096,1.0,train
0.1931001671441963,0,4.607889034489469,0.0,train
0.7968121300200199,0,5.779146808983727,0.0,train
0.9591177439037861,0,3.411989764076295,0.0,train
0.9591177439037861,5,0.142338497061373,1.0,train
0.5330035777815809,1,0.23846055471639832,1.0,train
0.7968121300200199,0,1.9559909126812982,0.0,train
0.5330035777815809,0,4.531029709742435,0.0,train
0.9591177439037861,45,0.0028774185623686734,1.0,train
0.1931001671441963,0,0.8801522326714044,0.0,train
0.7968121300200199,0,4.899761570298024,0.0,train
0.9591177439037861,0,2.6558102065656892,0.0,train
0.5330035777815809,0,1.58105898301063,0.0,train
0.9999545794446535,19,0.026643671004428767,1.0,train
0.1931001671441963,0,3.366931879778707,0.0,train
0.5330035777815809,0,2.57108061501951,0.0,train
0.9591177439037861,1,0.551186984654548,1.0,train
0.9999545794446535,297,0.0013033747166821142,1.0,train
0.7968121300200199,0,0.2302833118981895,0.0,train
0.1931001671441963,0,4.722259155600654,0.0,train
0.9999545794446535,4,0.04431434073315368,1.0,train
0.9999545794446535,65,0.01547745363032034,1.0,train
0.7968121300200199,1,4.8569141297125915,0.0,train
0.9591177439037861,0,5.568122758710603,0.0,train
0.7968121300200199,5,0.09288766277802668,1.0,train
0.9591177439037861,1,0.3373286156568429,0.0,train
0.9591177439037861,0,1.0557354858557728,0.0,train
0.5330035777815809,0,5.0833752240692505,0.0,train
0.5330035777815809,2,0.4866677059811098,1.0,train
0.7968121300200199,1,0.8049474489284735,1.0,train
0.1931001671441963,0,0.5946531232260179,0.0,train
0.9591177439037861,5,0.16411679159024303,1.0,train
0.5330035777815809,0,0.517179745724367,0.0,train
0.9999545794446535,137,0.0038250973552407352,1.0,train
0.9591177439037861,1,0.11864488763588188,0.0,train
0.1931001671441963,0,4.757549694719477,0.0,train
0.5330035777815809,0,0.32409178538819483,0.0,train
0.9999545794446535,5604,0.0005970502068161607,1.0,train
0.9591177439037861,0,5.411756930287098,0.0,train
0.9591177439037861,0,4.136123296722803,0.0,train
0.7968121300200199,0,5.1283090667252935,0.0,train
0.5330035777815809,0,5.987057943464225,0.0,train
0.5330035777815809,1,1.0696684329469428,1.0,train
0.1931001671441963,0,4.379488730960132,0.0,train
0.9999545794446535,19,0.07534261725221267,1.0,train
0.5330035777815809,2,0.7092301940221825,1.0,train
0.1931001671441963,0,2.5598926915040057,0.0,train
0.5330035777815809,0,1.2035882539708986,0.0,train
0.9999545794446535,177,0.015431245583671066,1.0,train
0.1931001671441963,0,4.192586375404096,0.0,train
0.1931001671441963,0,4.080131287998561,0.0,train
0.9999545794446535,525,0.0010418569668214199,1.0,train
0.5330035777815809,0,5.617020571497698,0.0,train
0.5330035777815809,0,2.5407391623565134,0.0,train
0.1931001671441963,0,3.0387684019954904,0.0,train
0.7968121300200199,1,0.34660491004377747,1.0,train
0.1931001671441963,0,0.7900772608142239,0.0,train
0.5330035777815809,0,1.974171962564513,0.0,train
0.9591177439037861,8,0.05136884773589359,1.0,train
0.7968121300200199,1,0.44632334265263474,1.0,train
0.7968121300200199,0,5.190002475213303,0.0,train
0.7968121300200199,0,0.21663709338275017,0.0,train
0.9591177439037861,0,4.757729821383634,0.0,train
0.9999545794446535,724,0.00023206623435504992,1.0,train
0.9591177439037861,1,0.04891886324398542,0.0,train
0.9999545794446535,0,2.8528007897862295,0.0,train
0.9591177439037861,0,5.918873229496823,0.0,train
0.5330035777815809,1,0.8835859232889318,0.0,train
0.9591177439037861,22,0.044092523300200054,1.0,train
0.9999545794446535,2413,0.00012861373753628074,1.0,train
0.1931001671441963,0,2.046819638614921,0.0,train
0.1931001671441963,0,0.525568785153234,0.0,train
0.1931001671441963,0,3.2809474163071037,0.0,train
0.7968121300200199,7,0.08460601561704127,1.0,train
0.9999545794446535,4656,0.0008115653611333781,1.0,train
0.9999545794446535,0,2.979461924467838,0.0,train
0.9591177439037861,2,0.2397768749888393,1.0,train
0.9999545794446535,124,0.0074935905714422464,1.0,train
0.1931001671441963,0,0.3311098229830338,0.0,train
0.9999545794446535,163,0.003886710312693566,1.0,train
0.1931001671441963,0,1.515419729142057,0.0,train
0.5330035777815809,0,2.9042595678088343,0.0,train
0.9591177439037861,0,2.669030761905118,0.0,train
0.9999545794446535,11,0.001607808467414946,1.0,train
0.9999545794446535,981,0.0018799132085664453,1.0,train
0.9999545794446535,4229,0.0004410590318836493,1.0,train
0.5330035777815809,0,5.129760739522824,0.0,train
0.9999545794446535,575,0.0009411284951753362,1.0,train
0.7968121300200199,0,1.344957755265881,0.0,train
0.5330035777815809,0,4.558186010127014,0.0,train
0.1931001671441963,0,1.896852428864584,0.0,train
0.5330035777815809,0,3.271566400362718,0.0,train
0.1931001671441963,0,1.7175229547319406,0.0,train
0.1931001671441963,1,1.2723478589677635,1.0,train
0.5330035777815809,0,3.0778627174807043,0.0,train
0.7968121300200199,1,0.1659095848362002,1.0,train
0.9999545794446535,7,0.22251594693639476,1.0,train
0.9999545794446535,252,0.00607840705010313,1.0,train
0.9999545794446535,1342,0.001116569594802418,1.0,train
0.9591177439037861,0,1.1022556401261336,0.0,train
0.9999545794446535,1,0.16733731775956803,1.0,train
0.9591177439037861,0,3.9608480248363582,0.0,train
0.7968121300200199,6,0.09795828826594528,1.0,train
0.9591177439037861,2,0.6181243792970484,1.0,train
0.5330035777815809,1,0.00837242719890384,1.0,train
0.5330035777815809,0,4.185558894008287,0.0,train
0.5330035777815809,0,0.06758111795380528,0.0,train
0.5330035777815809,0,0.6419101253291757,0.0,train
0.9591177439037861,3,0.0036726964088443495,1.0,train
0.7968121300200199,1,3.4946779883534225,1.0,train
0.9591177439037861,0,0.24716303392945815,0.0,train
0.5330035777815809,0,3.1693659447940914,0.0,train
0.1931001671441963,0,1.4142159663605052,0.0,train
0.9999545794446535,760,0.0023285999444555235,1.0,train
0.9999545794446535,9683,1.3523296624247975e-05,1.0,train
0.9591177439037861,2,0.9191500094791579,1.0,train
0.7968121300200199,0,0.648588681736995,0.0,train
0.9591177439037861,8,0.33242785011897646,1.0,train
0.9591177439037861,0,5.741676829468062,0.0,train
0.1931001671441963,0,2.4861429731909706,0.0,train
0.7968121300200199,3,0.5443587320693956,1.0,train
0.9591177439037861,9,0.014443605600148053,1.0,train
0.9999545794446535,616,0.0026546713742950367,1.0,train
0.7968121300200199,0,4.858554408451207,0.0,train
0.1931001671441963,0,1.0395473811151734,0.0,train
0.1931001671441963,1,0.09012046293408993,0.0,train
0.9999545794446535,371,0.0006401111453823061,1.0,train
0.9999545794446535,85,0.007230910986409439,1.0,train
0.5330035777815809,1,1.0226336048866544,1.0,train
0.5330035777815809,0,2.10870477532064,0.0,train
0.7968121300200199,4,0.45200727138014274,1.0,train
0.9591177439037861,1,3.61183049634157,0.0,train
0.9999545794446535,4,0.08654131986128298,1.0,train
0.9999545794446535,485,0.0007070189604524229,1.0,train
0.9591177439037861,2,0.018143526476837278,1.0,train
0.7968121300200199,0,5.365880501401042,0.0,train
0.1931001671441963,0,0.8412367805796559,0.0,train
0.9591177439037861,0,1.5121406488656055,0.0,train
0.7968121300200199,1,1.0170724444339152,1.0,train
0.9999545794446535,1,0.13326931131226694,0.0,train
0.1931001671441963,0,4.786086204125082,0.0,train
0.7968121300200199,0,2.631222412964944,0.0,train
0.1931001671441963,0,2.6812194796972877,0.0,train
0.1931001671441963,0,2.329387099284653,0.0,train
0.1931001671441963,0,0.7052480648694401,0.0,train
0.9999545794446535,3,0.6715158005232071,1.0,train
0.5330035777815809,5,0.25039295417429563,1.0,train
0.5330035777815809,2,0.1138932458333856,1.0,train
0.9591177439037861,0,2.1528180930692082,0.0,train
0.5330035777815809,1,0.18121231322761325,1.0,train
0.7968121300200199,8,0.040183199203018896,1.0,train
0.7968121300200199,0,3.420003224090566,0.0,train
0.7968121300200199,0,5.478745894509371,0.0,train
0.9999545794446535,18,0.028250012935525166,1.0,train
0.7968121300200199,0,3.7358533444650948,0.0,train
0.9999545794446535,587,0.002002263580514013,1.0,train
0.5330035777815809,0,1.5505642304886802,0.0,train
0.1931001671441963,0,5.956839789757277,0.0,train
0.9591177439037861,19,0.03802974443731442,1.0,train
0.9999545794446535,0,0.4482990492172454,0.0,train
0.1931001671441963,0,5.679070777050893,0.0,train
0.9999545794446535,1282,0.0012066563472270181,1.0,train
0.9999545794446535,164,0.0028680895018260116,1.0,train
0.7968121300200199,8,0.1999272808354508,1.0,train
0.5330035777815809,2,0.792192167059444,1.0,train
0.9591177439037861,1,0.9146543179258643,1.0,train
0.7968121300200199,0,1.4643835667729947,0.0,train
0.9999545794446535,108,0.01179736059088139,1.0,train
0.9591177439037861,12,0.046848369554613946,1.0,train
0.7968121300200199,1,0.5869243491784577,1.0,train
0.9999545794446535,8,0.20626350231372928,1.0,train
0.7968121300200199,0,4.646984406110145,0.0,train
0.1931001671441963,0,5.094785585274943,0.0,train
0.7968121300200199,1,1.6424126170848157,1.0,train
0.9591177439037861,1,0.670862394590361,1.0,train
0.1931001671441963,0,3.8078403266177343,0.0,train
0.1931001671441963,0,0.8382150223464457,0.0,train
0.9591177439037861,3,0.14714919028950685,1.0,train
0.7968121300200199,1,0.8012463280235615,1.0,train
0.1931001671441963,1,1.3160376965631115,1.0,train
0.5330035777815809,0,3.3772860586997875,0.0,train
0.5330035777815809,0,5.844758741398073,0.0,train
0.9591177439037861,1,0.13118236051468488,1.0,train
0.1931001671441963,0,2.2352276844289634,0.0,train
0.9999545794446535,3961,6.77825642667586e-05,1.0,train
0.7968121300200199,0,3.6202641883296502,0.0,train
0.5330035777815809,0,5.70821944324679,0.0,train
0.9591177439037861,0,1.098723268838331,0.0,train
0.1931001671441963,0,2.1082962602046944,0.0,train
0.9591177439037861,1,1.7805519821703637,1.0,train
0.1931001671441963,0,1.5188808323900547,0.0,train
0.1931001671441963,0,1.0329860747748871,0.0,train
0.5330035777815809,0,4.955072218146325,0.0,train
0.9591177439037861,4,0.03218410062842269,1.0,train
0.5330035777815809,1,0.21771751272437734,0.0,train
0.9591177439037861,2,0.37692553301458737,1.0,train
0.9999545794446535,27,0.04972353281408248,1.0,train
0.1931001671441963,0,1.865798332649392,0.0,train
0.7968121300200199,0,1.5258558182405029,0.0,train
0.7968121300200199,0,5.392734799704064,0.0,train
0.5330035777815809,1,3.4427932107663786,1.0,train
0.9591177439037861,10,0.008725877033972282,1.0,train
0.5330035777815809,0,1.0117012395307752,0.0,train
0.1931001671441963,0,1.969501546585061,0.0,train
0.9999545794446535,223,0.006404598584430003,1.0,train
0.1931001671441963,0,5.842097018699575,0.0,train
0.9999545794446535,62,0.003895713300914129,1.0,train
0.1931001671441963,0,4.750463123750962,0.0,train
0.7968121300200199,0,1.9953331882926535,0.0,train
0.5330035777815809,0,5.86469406842211,0.0,train
0.1931001671441963,0,1.256392697457694,0.0,train
0.5330035777815809,0,2.9534925719998393,0.0,train
0.9591177439037861,23,0.02661468658389475,1.0,train
0.9591177439037861,0,0.4730070475442487,0.0,train
0.5330035777815809,0,0.2835177970220908,0.0,train
0.9591177439037861,29,0.019146687737146884,1.0,train
0.7968121300200199,0,3.8535588746236424,0.0,train
0.1931001671441963,0,3.401069842776434,0.0,train
0.9591177439037861,4,0.015153673561411991,1.0,train
0.9591177439037861,8,0.13751660206945726,1.0,train
0.1931001671441963,0,1.3997653929277925,0.0,train
0.9591177439037861,18,0.0758662463855518,1.0,train
0.7968121300200199,3,0.17708334574402101,1.0,train
0.7968121300200199,0,3.5584467211903332,0.0,train
0.9591177439037861,5,0.41786924791411706,1.0,train
0.9999545794446535,39,0.007060986191842684,1.0,train
0.9999545794446535,62,0.01976945012446043,1.0,train
0.5330035777815809,1,1.6808825775952905,0.0,train
0.9999545794446535,451,7.27853988061975e-05,1.0,train
0.5330035777815809,0,2.1352613575809594,0.0,train
0.5330035777815809,0,4.7558206234741665,0.0,train
0.5330035777815809,0,0.1229886699554219,0.0,train
0.1931001671441963,0,3.4525361908088485,0.0,train
0.7968121300200199,1,1.984873112121096,1.0,train
0.1931001671441963,0,4.6480051737414865,0.0,train
0.9999545794446535,35,0.055693671389966386,1.0,train
0.9999545794446535,884,0.0002586029739907406,1.0,train
0.7968121300200199,2,0.10742303243089185,1.0,train
0.7968121300200199,0,3.964345628759271,0.0,train
0.9591177439037861,5,0.15044006428162204,1.0,train
0.5330035777815809,0,2.7166037626825883,0.0,train
0.1931001671441963,2,0.8982336800537823,1.0,train
0.9999545794446535,21,0.0070363946971523355,1.0,train
0.7968121300200199,0,1.8064167907884818,0.0,train
0.5330035777815809,5,0.33074634131326597,1.0,train
0.5330035777815809,1,0.8702445815552329,0.0,train
0.9591177439037861,0,4.912868877591874,0.0,train
0.9999545794446535,661,0.0010992001391835623,1.0,train
0.5330035777815809,0,5.384949870348096,0.0,train
0.5330035777815809,0,2.878294958909552,0.0,train
0.5330035777815809,0,4.067895895061919,0.0,train
0.9999545794446535,1287,0.0001977050239609426,1.0,train
0.9591177439037861,37,0.08276206608407324,1.0,train
0.9999545794446535,738,0.0002932991514453822,1.0,train
0.1931001671441963,0,3.4670648569014,0.0,train
0.9591177439037861,11,0.00903991722626877,1.0,train
0.5330035777815809,0,3.5625345663847865,0.0,train
0.9999545794446535,11,0.07862306343676388,1.0,train
0.9999545794446535,2,0.1336891293282873,1.0,train
0.7968121300200199,2,0.3720475699129018,1.0,train
0.1931001671441963,0,4.438904431887115,0.0,train
0.1931001671441963,0,2.967347064311118,0.0,train
0.1931001671441963,0,1.8886036568300513,0.0,train
0.1931001671441963,0,3.40246810511682,0.0,train
0.7968121300200199,0,5.299720589220438,0.0,train
0.9999545794446535,18,0.009632466294172661,1.0,train
0.9999545794446535,5,0.13652310243709537,1.0,train
0.1931001671441963,0,4.8911549763295,0.0,train
0.9999545794446535,75,0.0013444657439679966,1.0,train
0.1931001671441963,1,1.559108964966123,1.0,train
0.9999545794446535,159,0.005643793649297699,1.0,train
0.5330035777815809,0,2.756200564344268,0.0,train
0.1931001671441963,0,2.3760529672916575,0.0,train
0.1931001671441963,0,4.763834023977436,0.0,train
0.7968121300200199,0,2.871826742032933,0.0,train
0.5330035777815809,0,2.145868641412728,0.0,train
0.5330035777815809,0,0.3767585388970056,0.0,train
0.1931001671441963,1,1.579042038524494,1.0,train
0.5330035777815809,0,2.4484195522406518,0.0,train
0.5330035777815809,0,3.2080648627799544,0.0,train
0.1931001671441963,1,0.046598261926659466,1.0,train
0.9591177439037861,6,0.18576714986156037,1.0,train
0.9999545794446535,50,0.03835251297003652,1.0,train
0.9591177439037861,9,0.13936620655360843,1.0,train
0.7968121300200199,0,1.6466001283715286,0.0,train
0.9591177439037861,10,0.023623553631897005,1.0,train
0.9591177439037861,14,0.040440406037754825,1.0,train
0.7968121300200199,0,1.1284637287889456,0.0,train
0.9591177439037861,0,3.127960321523033,0.0,train
0.9999545794446535,6,0.1731172486991685,1.0,train
0.9591177439037861,0,1.3564732659087457,0.0,train
0.5330035777815809,0,5.57181873639232,0.0,train
0.5330035777815809,0,0.6043037674198228,0.0,train
0.9591177439037861,5,0.35006711144522334,1.0,train
0.7968121300200199,0,0.04107583562853101,0.0,train
0.5330035777815809,0,1.5887422973278724,0.0,train
0.9591177439037861,8,0.02928309032568902,1.0,train
0.7968121300200199,0,2.4328973863653,0.0,train
0.9999545794446535,18,0.020609093833615585,1.0,train
0.7968121300200199,6,0.0950864097125318,1.0,train
0.1931001671441963,0,3.942708812183202,0.0,train
0.1931001671441963,0,4.448989189730408,0.0,train
0.5330035777815809,0,2.3639988132999754,0.0,train
0.7968121300200199,0,2.123792247469202,0.0,train
0.9591177439037861,4,0.17433101562133688,1.0,train
0.5330035777815809,0,0.6785656328989382,0.0,train
0.7968121300200199,2,0.19436244753964493,1.0,train
0.9999545794446535,11,0.018397684851526153,1.0,train
0.9999545794446535,1,3.421328396514951,1.0,train
0.7968121300200199,4,1.4107170687101376,1.0,train
0.5330035777815809,0,4.268085971568974,0.0,train
0.7968121300200199,2,0.3850668949443693,1.0,train
0.1931001671441963,0,0.35607127147710615,0.0,train
0.9999545794446535,365,0.00045171356232968533,1.0,train
0.5330035777815809,0,5.486463883175068,0.0,train
0.7968121300200199,0,1.368887101334203,0.0,train
0.5330035777815809,0,4.638807594278699,0.0,train
0.7968121300200199,4,0.06695284472733008,1.0,train
0.7968121300200199,0,5.231918794325599,0.0,train
0.7968121300200199,1,1.1801671581999311,1.0,train
0.1931001671441963,0,3.6708651872411777,0.0,train
0.7968121300200199,0,4.25081224750822,0.0,train
0.5330035777815809,0,0.12764756436995595,0.0,train
0.1931001671441963,0,2.5635322447945956,0.0,train
0.7968121300200199,0,5.096822941892122,0.0,train
0.9591177439037861,2,0.09495081642543438,1.0,train
0.1931001671441963,0,3.651003699739678,0.0,train
0.7968121300200199,2,0.2687981332221142,1.0,train
0.9591177439037861,0,5.383231161177559,0.0,train
0.7968121300200199,0,1.575566580881779,0.0,train
0.7968121300200199,1,1.7543065007089154,1.0,train
0.1931001671441963,1,1.9230700666343425,1.0,train
0.1931001671441963,0,3.626587427991052,0.0,train
0.9591177439037861,1,0.7103654147844327,1.0,train
0.5330035777815809,0,1.6758270462345226,0.0,train
0.9591177439037861,0,4.080410491190819,0.0,train
0.9591177439037861,1,0.6058942313983863,1.0,train
0.5330035777815809,0,5.238474255026603,0.0,train
0.7968121300200199,1,1.123953160024766,1.0,train
0.1931001671441963,0,4.459781741466394,0.0,train
0.9999545794446535,0,5.495924651146392,0.0,train
0.5330035777815809,0,5.533929793355684,0.0,train
0.9999545794446535,1854,0.0011421368947720676,1.0,train
0.9999545794446535,7757,7.156345274013633e-05,1.0,train
0.9591177439037861,0,0.6407228175099862,0.0,train
0.1931001671441963,0,5.783402704598883,0.0,train
0.1931001671441963,0,4.0500188813227735,0.0,train
0.7968121300200199,0,5.472167234593161,0.0,train
0.9999545794446535,3,0.07619019632022142,1.0,train
0.9999545794446535,59,0.003805555202433473,1.0,train
0.5330035777815809,0,4.6905289276370645,0.0,train
0.1931001671441963,0,3.913024184778711,0.0,train
0.9999545794446535,21,0.008090930687327566,1.0,train
0.5330035777815809,0,4.905046626657918,0.0,train
0.9999545794446535,2411,0.0008114311994709719,1.0,train
0.9591177439037861,0,0.8940088512559303,0.0,train
0.7968121300200199,0,0.23123417217505948,0.0,train
0.9591177439037861,3,0.055972235192899455,1.0,train
0.1931001671441963,0,2.0914770227214188,0.0,train
0.9591177439037861,2,0.05878124489616484,1.0,train
0.7968121300200199,1,0.13582344109759295,1.0,train
0.9999545794446535,231,0.00017395724551708545,1.0,train
0.9591177439037861,1,1.9105792504435184,0.0,train
0.9591177439037861,5,0.06889562684759325,1.0,train
0.9591177439037861,1,0.06072668225157877,1.0,train
0.9591177439037861,4,0.6491609246207813,1.0,train
0.5330035777815809,1,0.13196353315631226,1.0,train
0.9999545794446535,0,3.0814960426677778,0.0,train
0.5330035777815809,0,5.847664373403197,0.0,train
0.5330035777815809,0,1.810494122926869,0.0,train
0.9591177439037861,3,0.48081127635519166,1.0,train
0.5330035777815809,0,4.363442069930438,0.0,train
0.9999545794446535,25,0.0013737276579563896,1.0,train
0.9591177439037861,13,0.010175491062594268,1.0,train
0.9999545794446535,14,0.113498237253384,1.0,train
0.9999545794446535,6,0.12583336412260313,1.0,train
0.7968121300200199,0,1.8061835261592374,0.0,train
0.7968121300200199,0,4.346938627328602,0.0,train
0.9999545794446535,3939,7.827611604649702e-05,1.0,train
0.9591177439037861,24,0.025722176056262164,1.0,train
0.9591177439037861,6,0.06351326670151863,1.0,train
0.7968121300200199,1,1.0573684760894841,1.0,train
0.5330035777815809,0,1.9135353763068517,0.0,train
0.7968121300200199,1,0.6502891774932493,1.0,train
0.9591177439037861,3,0.058321906089670104,1.0,train
0.9999545794446535,4731,0.00010141577900379454,1.0,train
0.7968121300200199,5,0.007620449659359911,1.0,train
0.1931001671441963,0,3.4278206355974916,0.0,train
0.5330035777815809,0,1.2447793031173384,0.0,train
0.1931001671441963,0,2.779503245698992,0.0,train
0.5330035777815809,0,5.114941088108844,0.0,train
0.9591177439037861,10,0.027836729815504942,1.0,train
0.1931001671441963,0,0.20531148310209857,0.0,train
0.1931001671441963,0,4.208393706104562,0.0,train
0.5330035777815809,1,1.4608241189902897,1.0,train
0.9591177439037861,0,0.4429929710673306,0.0,train
0.9999545794446535,1483,0.00037775390811172936,1.0,train
0.5330035777815809,0,4.673858518340073,0.0,train
0.7968121300200199,0,3.1011936707674357,0.0,train
0.9591177439037861,26,0.0010866648523681582,1.0,train
0.5330035777815809,0,1.008632590380797,0.0,train
0.7968121300200199,0,4.692073343445777,0.0,train
0.1931001671441963,0,0.6241800721189525,0.0,train
0.5330035777815809,0,2.1949321175973173,0.0,train
0.9591177439037861,1,0.5947484157366344,1.0,train
0.1931001671441963,0,1.8507058353802297,0.0,train
0.5330035777815809,0,2.9565703768994576,0.0,train
0.5330035777815809,0,3.9367589169906587,0.0,train
0.7968121300200199,0,0.5241410312870742,0.0,train
0.9591177439037861,2,0.26267764175112,1.0,train
0.9999545794446535,35,0.03919431201146544,1.0,train
0.9999545794446535,1,2.2435004390087894,1.0,train
0.9999545794446535,764,0.0008915175563089966,1.0,train
0.1931001671441963,0,3.609425862062176,0.0,train
0.7968121300200199,0,0.06328548417495772,0.0,train
0.9591177439037861,0,1.8357127281414785,0.0,train
0.9999545794446535,47,0.009945702758871307,1.0,train
0.9591177439037861,1,0.37943589264256267,1.0,train
0.9591177439037861,4,0.050649274523084487,1.0,train
0.9591177439037861,21,0.025478491241606328,1.0,train
0.5330035777815809,0,4.155725673109799,0.0,train
0.1931001671441963,0,2.5112786742446174,0.0,train
0.7968121300200199,0,3.329560475191083,0.0,train
0.9591177439037861,1,1.7174095106581624,0.0,train
0.9999545794446535,57,0.009424791607422515,1.0,train
0.1931001671441963,0,2.6659191131669773,0.0,train
0.5330035777815809,0,4.476620461268078,0.0,train
0.5330035777815809,0,2.85146875376374,0.0,train
0.1931001671441963,0,0.07258348264586822,0.0,train
0.9999545794446535,353,0.0014711760510725824,1.0,train
0.1931001671441963,0,1.4885959684293533,0.0,train
0.1931001671441963,0,0.3254478881555025,0.0,train
0.5330035777815809,0,0.7190218885676425,0.0,train
0.5330035777815809,0,5.4971809859621255,0.0,train
0.9999545794446535,48,0.0003109493788972417,1.0,train
0.7968121300200199,0,3.5626480271958307,0.0,train
0.9591177439037861,0,5.651387524657533,0.0,train
0.9591177439037861,6,0.04129427072450564,1.0,train
0.1931001671441963,0,3.3519979516114375,0.0,train
0.7968121300200199,2,0.22295810221351303,1.0,train
0.9999545794446535,261,0.003390617950520549,1.0,train
0.7968121300200199,1,0.3308274468090023,1.0,train
0.9999545794446535,1511,3.095825016475082e-05,1.0,train
0.9591177439037861,12,0.0007535919494036717,1.0,train
0.9999545794446535,0,3.3602718394280653,0.0,train
0.9591177439037861,0,5.490755856333665,0.0,train
0.1931001671441963,0,5.876358394138563,0.0,train
0.7968121300200199,1,0.1880938300367193,1.0,train
0.9591177439037861,7,0.3936563799519398,1.0,train
0.7968121300200199,0,3.4814928699317482,0.0,train
0.5330035777815809,2,1.5382044761922016,1.0,train
0.9999545794446535,1638,0.0006739791624490707,1.0,train
0.9591177439037861,0,5.358792786245809,0.0,train
0.7968121300200199,1,0.6543715024474182,1.0,train
0.5330035777815809,2,0.4216532692790477,1.0,train
0.5330035777815809,0,3.6176320199895313,0.0,train
0.7968121300200199,1,0.042046633241575544,1.0,train
0.9999545794446535,671,0.0009770389230552416,1.0,train
0.9591177439037861,3,0.377319094753534,1.0,train
0.1931001671441963,0,2.118065021907598,0.0,train
0.7968121300200199,0,2.7101643386571146,0.0,train
0.9591177439037861,1,2.4027918130435113,1.0,train
0.7968121300200199,0,2.37129989656892,0.0,train
0.5330035777815809,1,1.2764886523739438,1.0,train
0.5330035777815809,1,1.20798460097436,1.0,train
0.9999545794446535,8,0.09766181045077318,1.0,train
0.9591177439037861,0,3.933496387106974,0.0,train
0.1931001671441963,0,2.1921359851547875,0.0,train
0.1931001671441963,0,5.29618483573987,0.0,train
0.1931001671441963,0,0.7807719507897248,0.0,train
0.9999545794446535,0,4.985311931704376,0.0,train
0.9591177439037861,1,0.5307307034589037,1.0,train
0.9591177439037861,0,2.332879945495942,0.0,train
0.5330035777815809,0,5.120710581013995,0.0,train
0.5330035777815809,1,0.2573230398014439,1.0,train
0.7968121300200199,6,0.22180055463077256,1.0,train
0.1931001671441963,0,4.445718705612665,0.0,train
0.9591177439037861,28,0.010368420677481673,1.0,train
0.9591177439037861,13,0.09408888695181547,1.0,train
0.7968121300200199,0,4.004683324181256,0.0,train
0.7968121300200199,2,1.7150819334530343,1.0,train
0.7968121300200199,0,1.4839648425543503,0.0,train
0.1931001671441963,0,4.885916416846408,0.0,train
0.9999545794446535,28,0.02185873714394158,1.0,train
0.9591177439037861,1,1.492496147219385,0.0,train
0.9999545794446535,6,0.022327907200768993,1.0,train
0.5330035777815809,0,3.117348327664569,0.0,train
0.1931001671441963,0,4.477634194892935,0.0,train
0.7968121300200199,0,0.28600702690941815,0.0,train
0.5330035777815809,0,5.06928615724389,0.0,train
0.5330035777815809,0,1.3334150685533268,0.0,train
0.5330035777815809,0,0.6997533267524974,0.0,train
0.7968121300200199,3,0.09918626129818124,1.0,train
0.1931001671441963,0,0.2819317586651906,0.0,train
0.9591177439037861,4,0.18904169330578355,1.0,train
0.5330035777815809,0,1.0794811672735047,0.0,train
0.9999545794446535,62,0.02050178216487635,1.0,train
0.9999545794446535,0,4.6043952221100435,0.0,train
0.9999545794446535,5682,6.338773097213657e-05,1.0,train
0.9999545794446535,14,0.021355639994574797,1.0,train
0.9591177439037861,3,0.03470929698258828,1.0,train
0.9591177439037861,0,2.764503204295612,0.0,train
0.1931001671441963,0,3.516421009261467,0.0,train
0.5330035777815809,0,0.30797962300156145,0.0,train
0.1931001671441963,0,4.676574796361214,0.0,train
0.9999545794446535,5,0.49255654958697587,1.0,train
0.7968121300200199,6,0.3403292805693304,1.0,train
0.9999545794446535,519,0.003860843214198047,1.0,train
0.5330035777815809,0,5.035689818793761,0.0,train
0.1931001671441963,0,1.5395953458857217,0.0,train
0.9591177439037861,0,3.1115676631654905,0.0,train
0.9999545794446535,1,0.9966259686324511,1.0,train
0.5330035777815809,1,0.44918813064363405,0.0,train
0.9591177439037861,4,0.177114980533035,1.0,train
0.9591177439037861,4,0.0826975250150094,1.0,train
0.5330035777815809,0,3.260737122832263,0.0,train
0.1931001671441963,0,3.599133366357801,0.0,train
0.7968121300200199,0,1.954542526522047,0.0,train
0.9999545794446535,37,0.04251028659061629,1.0,train
0.5330035777815809,0,3.058649861049359,0.0,train
0.9999545794446535,959,0.0005483368844935933,1.0,train
0.5330035777815809,2,0.47667145709084313,1.0,train
0.9999545794446535,2296,0.00014270722542017615,1.0,train
0.9999545794446535,4545,6.515090463451129e-05,1.0,train
0.5330035777815809,0,0.08068361201712637,0.0,train
0.5330035777815809,0,2.3298068150498237,0.0,train
0.1931001671441963,0,5.110544309613491,0.0,train
0.9591177439037861,0,5.0159944774607625,0.0,train
0.9999545794446535,9192,0.00011810849475630453,1.0,train
0.7968121300200199,10,0.09016274819771207,1.0,train
0.5330035777815809,0,2.225399123760021,0.0,train
0.1931001671441963,0,0.7043654347293666,0.0,train
0.1931001671441963,1,0.4620414447544785,1.0,train
0.1931001671441963,0,0.6311401198452631,0.0,train
0.7968121300200199,0,3.5885219444712813,0.0,train
0.5330035777815809,0,3.381063496764727,0.0,train
0.1931001671441963,0,4.797883251301983,0.0,train
0.9591177439037861,12,0.089195438645341,1.0,train
0.5330035777815809,0,1.0447006039810907,0.0,train
0.9591177439037861,26,0.034639200774512845,1.0,train
0.9591177439037861,2,0.5854928193585273,1.0,train
0.9999545794446535,0,0.3949147948688698,0.0,train
0.1931001671441963,0,5.284154924516018,0.0,train
0.7968121300200199,0,2.2038686399180696,0.0,train
0.9591177439037861,6,0.03196872984890131,0.0,train
0.5330035777815809,0,2.122420207797227,0.0,train
0.7968121300200199,1,1.057348709904313,1.0,train
0.1931001671441963,0,5.989224120708292,0.0,train
0.1931001671441963,0,0.44864962031188127,0.0,train
0.9591177439037861,16,0.11497704173446065,1.0,train
0.5330035777815809,0,5.740253921996113,0.0,train
0.7968121300200199,0,5.117395075973777,0.0,train
0.1931001671441963,0,1.5699285724287133,0.0,train
0.9999545794446535,0,1.4029994548321612,0.0,train
0.9591177439037861,0,4.870573131428744,0.0,train
0.7968121300200199,2,0.3551702657265622,1.0,train
0.5330035777815809,0,0.26286864822164824,0.0,train
0.9591177439037861,2,0.09821790794992741,1.0,train
0.9999545794446535,7,0.0017457335459529035,1.0,train
0.9999545794446535,590,0.0009842468352395798,1.0,train
0.7968121300200199,1,0.957499157221462,1.0,train
0.7968121300200199,3,0.07158566318648707,0.0,train
0.9999545794446535,189,0.003805559867801549,1.0,train
0.7968121300200199,1,0.5878686304593221,0.0,train
0.1931001671441963,0,3.329628825104729,0.0,train
0.7968121300200199,2,0.9606487428092454,1.0,train
0.9999545794446535,468,0.001141796136477153,1.0,train
0.9591177439037861,0,2.619136194074459,0.0,train
0.5330035777815809,0,1.601432621730549,0.0,train
0.7968121300200199,1,0.2184066222006857,1.0,train
0.9591177439037861,20,0.013188212933264675,1.0,train
0.5330035777815809,0,4.094611005811943,0.0,train
0.9999545794446535,9,0.07556019899233024,1.0,train
0.5330035777815809,1,0.1294997934937307,1.0,train
0.5330035777815809,1,0.38349539139676275,1.0,train
0.1931001671441963,0,2.173445917807852,0.0,train
0.5330035777815809,0,4.948659070117416,0.0,train
0.5330035777815809,0,0.6148828265840602,0.0,train
0.5330035777815809,1,0.40867007125645216,0.0,train
0.1931001671441963,1,0.6959097980358946,0.0,train
0.5330035777815809,0,2.143146809158516,0.0,train
0.7968121300200199,1,0.7637946066448394,1.0,train
0.1931001671441963,2,0.11876477452029771,1.0,train
0.9591177439037861,14,0.0264245779171561,1.0,train
0.9999545794446535,215,0.0027368825429661234,1.0,train
0.9999545794446535,34,0.005617465968034894,1.0,train
0.5330035777815809,2,0.7518530550470088,0.0,train
0.5330035777815809,0,2.1900815129514735,0.0,train
0.1931001671441963,0,1.5090485399489086,0.0,train
0.9999545794446535,16,0.06992674257132804,1.0,train
0.7968121300200199,5,0.05318693765462409,1.0,train
0.9591177439037861,7,0.07065097889509458,1.0,train
0.1931001671441963,0,0.8039879621549273,0.0,train
0.9591177439037861,2,0.3689286597887917,1.0,train
0.7968121300200199,1,2.124331755156849,1.0,train
0.9591177439037861,1,0.7269494360489478,1.0,train
0.5330035777815809,3,0.935869672414773,0.0,train
0.5330035777815809,1,0.11087618850083733,1.0,train
0.9999545794446535,629,0.00011158954645111933,1.0,train
0.5330035777815809,0,4.192575323809553,0.0,train
0.1931001671441963,0,1.5529640302532097,0.0,train
0.1931001671441963,0,3.9150027870565367,0.0,train
0.9591177439037861,1,1.92968883298349,1.0,train
0.9591177439037861,1,0.21570883355482917,0.0,train
0.9999545794446535,15,0.05447371333272419,1.0,train
0.1931001671441963,0,4.435514870498272,0.0,train
0.9591177439037861,0,5.157928218124845,0.0,train
0.1931001671441963,0,0.08467080294131524,0.0,train
0.9591177439037861,13,0.005908988417665783,1.0,train
0.7968121300200199,1,1.0714782029472947,1.0,train
0.1931001671441963,0,0.5915764431523216,0.0,train
0.5330035777815809,1,0.04866464747630299,1.0,train
0.1931001671441963,0,0.058916205214250006,0.0,train
0.9591177439037861,6,0.2992567159856114,1.0,train
0.9591177439037861,3,0.011649978235070958,1.0,train
0.5330035777815809,0,3.6790825509951595,0.0,train
0.9591177439037861,23,0.016511113132312433,1.0,train
0.9999545794446535,3806,3.94911634924803e-05,1.0,train
0.7968121300200199,0,3.5438377884515484,0.0,train
0.7968121300200199,0,2.985797265581105,0.0,train
0.9591177439037861,5,0.2002227890682151,0.0,train
0.1931001671441963,0,1.1121508672568634,0.0,train
0.1931001671441963,0,5.2308892068254895,0.0,train
0.9591177439037861,21,0.012102373292472709,1.0,train
0.9999545794446535,1449,0.00021407732588272265,1.0,train
0.9999545794446535,0,0.7176395490865672,0.0,train
0.9999545794446535,417,0.0025262283036595265,1.0,train
0.1931001671441963,0,1.6213805747033907,0.0,train
0.5330035777815809,0,3.4285533134314736,0.0,train
0.7968121300200199,0,0.2818099406052439,0.0,train
0.9591177439037861,0,0.8313629226302579,0.0,train
0.9591177439037861,26,0.033017498390004306,1.0,train
0.9999545794446535,2,0.6636742003897862,1.0,train
0.9591177439037861,15,0.15849696377697245,1.0,train
0.9591177439037861,30,0.01135165741325396,1.0,train
0.5330035777815809,0,2.5932123372287883,0.0,train
0.7968121300200199,0,4.356430102091553,0.0,train
0.9591177439037861,0,0.2231841848322167,0.0,train
0.1931001671441963,0,3.182298258983834,0.0,train
0.1931001671441963,0,4.768729981109081,0.0,train
0.5330035777815809,0,5.328275994216385,0.0,train
0.1931001671441963,0,0.3048139174490696,0.0,train
0.5330035777815809,0,0.11192392989129551,0.0,train
0.7968121300200199,0,4.814886425513525,0.0,train
0.9591177439037861,11,0.06626944196905372,1.0,train
0.9999545794446535,4,0.04861750446916913,1.0,train
0.9591177439037861,4,0.02199311108822776,1.0,train
0.9999545794446535,1,0.00021530591017787263,1.0,train
0.7968121300200199,3,0.0110488376581443,1.0,train
0.5330035777815809,0,0.2804368980333878,0.0,train
0.5330035777815809,0,1.9417167468535346,0.0,train
0.1931001671441963,0,1.8511872364861508,0.0,train
0.5330035777815809,0,5.7108705499724834,0.0,train
0.9999545794446535,5949,1.3833729147558032e-05,1.0,train
0.1931001671441963,0,0.6121008430638899,0.0,train
0.9999545794446535,972,0.0002680923108240918,1.0,train
0.9999545794446535,0,5.523255509365393,0.0,train
0.9591177439037861,30,0.030422401759581195,1.0,train
0.7968121300200199,0,5.180712657211684,0.0,train
0.7968121300200199,1,0.14101599835569908,1.0,train
0.1931001671441963,0,4.3605374656748275,0.0,train
0.1931001671441963,0,5.678820629041458,0.0,train
0.1931001671441963,0,5.060701016591617,0.0,train
0.5330035777815809,0,1.725118592711289,0.0,train
0.9591177439037861,3,0.44274650040891184,1.0,train
0.1931001671441963,0,2.860020006978619,0.0,train
0.5330035777815809,0,4.8135076870605005,0.0,train
0.9591177439037861,5,0.02399773751966608,1.0,train
0.9999545794446535,2,0.6644045651296907,1.0,train
0.9591177439037861,20,0.0023131880598880046,1.0,train
0.1931001671441963,0,5.933053997567097,0.0,train
0.9591177439037861,1,0.8156221808010912,1.0,train
0.9999545794446535,14,0.026592181450900268,1.0,train
0.9999545794446535,117,0.00181843378146962,1.0,train
0.9591177439037861,49,0.0018559264735350661,1.0,train
0.9591177439037861,0,5.192870040466957,0.0,train
0.9591177439037861,0,1.3717519371034248,0.0,train
0.9999545794446535,138,0.0017850042770699156,1.0,train
0.1931001671441963,0,2.7632096958044547,0.0,train
0.9591177439037861,24,0.006995689762559017,1.0,train
0.9999545794446535,1911,7.413863362184832e-05,1.0,train
0.7968121300200199,0,4.320676178071021,0.0,train
0.1931001671441963,0,2.6271338817789864,0.0,train
0.5330035777815809,0,4.926270495821853,0.0,train
0.9591177439037861,19,0.13076476788806682,1.0,train
0.9591177439037861,3,0.617910206440089,1.0,train
0.9591177439037861,27,0.08252162343763587,1.0,train
0.7968121300200199,3,0.1440253024187272,1.0,train
0.9591177439037861,1,0.8012004708430216,1.0,train
0.7968121300200199,0,4.539746327601577,0.0,train
0.7968121300200199,0,3.834653913313561,0.0,train
0.5330035777815809,0,1.6261680399422278,0.0,train
0.1931001671441963,0,2.0138312525820172,0.0,train
0.1931001671441963,0,1.4446146435364569,0.0,train
0.9999545794446535,1173,0.00018173092114390858,1.0,train
0.9591177439037861,1,0.09325613509634754,1.0,train
0.7968121300200199,0,0.8216042174543032,0.0,train
0.1931001671441963,1,0.28386811149637087,1.0,train
0.9999545794446535,166,0.00018916058930162476,1.0,train
0.9591177439037861,4,0.2604847079248497,1.0,train
0.7968121300200199,0,1.8935465320491371,0.0,train
0.9591177439037861,5,0.05349486578886047,1.0,train
0.7968121300200199,1,2.9556265183246824,1.0,train
0.1931001671441963,0,5.5261246768852645,0.0,train
0.9591177439037861,4,0.12025172839899084,1.0,train
0.5330035777815809,0,5.054947299424714,0.0,train
0.1931001671441963,0,2.8862262808324424,0.0,train
0.7968121300200199,1,0.20473581605523142,1.0,train
0.7968121300200199,2,0.6034447174336183,1.0,train
0.9591177439037861,1,0.5643183707170678,1.0,train
0.5330035777815809,1,0.20643694365402854,0.0,train
0.1931001671441963,0,4.961358874110964,0.0,train
0.5330035777815809,0,2.1429057646994494,0.0,train
0.7968121300200199,0,0.7430667649371543,0.0,train
0.9999545794446535,964,0.0003163409355429848,1.0,train
0.5330035777815809,0,3.90308805882076,0.0,train
0.9999545794446535,2715,0.0006050311707225074,1.0,train
0.9999545794446535,35,0.014422621866174531,1.0,train
0.9591177439037861,0,0.2506362240227358,0.0,train
0.5330035777815809,0,3.4276231686087932,0.0,train
0.9591177439037861,0,1.6335823040981328,0.0,train
0.5330035777815809,1,1.4493909787706067,1.0,train
0.9591177439037861,23,0.18036990109108247,1.0,train
0.7968121300200199,2,0.07710078149089238,1.0,train
0.9999545794446535,5935,0.0002154520503852338,1.0,train
0.9591177439037861,0,4.4449394800500555,0.0,train
0.5330035777815809,1,0.010449506806748365,1.0,train
0.1931001671441963,0,1.0241330308106618,0.0,train
0.1931001671441963,0,4.8966377433395305,0.0,train
0.9591177439037861,0,2.0045486192101425,0.0,train
0.1931001671441963,0,2.8366624818889896,0.0,train
0.9591177439037861,1,0.6231893181580284,1.0,train
0.9999545794446535,615,0.0013947441869732369,1.0,train
0.9999545794446535,1064,0.0003633626788755848,1.0,train
0.1931001671441963,0,2.8587188984361607,0.0,train
0.9999545794446535,8,0.0506865182467346,1.0,train
0.7968121300200199,0,0.8708182680728824,0.0,train
0.5330035777815809,0,1.2130074427619604,0.0,train
0.7968121300200199,1,1.529103022724692,1.0,train
0.9591177439037861,19,0.10148017462508897,1.0,train
0.5330035777815809,1,0.7259960726906911,1.0,train
0.1931001671441963,0,1.7415337893419518,0.0,train
0.7968121300200199,4,0.2996785851279821,1.0,train
0.9591177439037861,2,0.22876672212921045,1.0,train
0.7968121300200199,2,0.05451357684330995,1.0,train
0.9999545794446535,543,0.0004059959264343474,1.0,train
0.9999545794446535,130,0.004046012164750541,1.0,train
0.9999545794446535,138,3.6369223111103205e-05,1.0,train
0.7968121300200199,1,2.0523815383140978,1.0,train
0.9999545794446535,16,0.07919690180813833,1.0,train
0.5330035777815809,1,0.03262461914960355,1.0,train
0.7968121300200199,1,1.0155674294862596,1.0,train
0.5330035777815809,1,3.1770564665730565,1.0,train
0.1931001671441963,0,5.112990343093689,0.0,train
0.9591177439037861,21,0.05398002880081511,1.0,train
0.9999545794446535,290,0.0005941644556545384,1.0,train
0.9591177439037861,0,3.896632264783584,0.0,train
0.1931001671441963,0,5.214297170813422,0.0,train
0.7968121300200199,0,4.9599907316212715,0.0,train
0.5330035777815809,0,0.9209165760572946,0.0,train
0.7968121300200199,1,1.1042894591112529,1.0,train
0.1931001671441963,0,5.830854441748025,0.0,train
0.7968121300200199,0,2.1265831110052202,0.0,train
0.5330035777815809,0,5.807999154430179,0.0,train
0.7968121300200199,0,0.1831110708368544,0.0,train
0.1931001671441963,0,1.633455462195858,0.0,train
0.9999545794446535,0,4.49683530504065,0.0,train
0.9591177439037861,6,0.18102143831362402,1.0,train
0.9591177439037861,2,0.38630024551928205,1.0,train
0.5330035777815809,0,5.6450928145962305,0.0,train
0.5330035777815809,0,0.3096844338894693,0.0,train
0.9591177439037861,1,0.911200181249549,1.0,train
0.5330035777815809,4,0.1740066660250633,1.0,train
0.9999545794446535,754,5.0433301227512135e-05,1.0,train
0.9591177439037861,9,0.05338436827606069,1.0,train
0.7968121300200199,7,0.027806023669740287,1.0,train
0.9999545794446535,248,0.01405129912436022,1.0,train
0.9999545794446535,2272,0.00013369370314994305,1.0,train
0.9999545794446535,724,0.00885169337154915,1.0,train
0.9591177439037861,3,0.06367360273155184,1.0,train
0.9999545794446535,21,0.004722876866166166,1.0,train
0.9999545794446535,38,0.008814599130080534,1.0,train
0.7968121300200199,0,0.8051169422474509,0.0,train
0.9999545794446535,6468,0.00010301909310209472,1.0,train
0.9999545794446535,863,0.0014078331081941449,1.0,train
0.5330035777815809,0,1.0389211471805115,0.0,train
0.9999545794446535,9,0.1363565993715449,1.0,train
0.5330035777815809,1,0.21557665417646843,1.0,train
0.7968121300200199,1,0.8991489370844652,1.0,train
0.1931001671441963,0,4.131403502198911,0.0,train
0.9999545794446535,610,0.0007445548867101245,1.0,train
0.1931001671441963,0,2.796131508537028,0.0,train
0.9999545794446535,0,5.795058858005678,0.0,train
0.5330035777815809,0,3.4597135223870747,0.0,train
0.7968121300200199,5,0.056801180007946775,1.0,train
0.7968121300200199,0,3.6190314388280567,0.0,train
0.9591177439037861,5,0.07445879733186822,1.0,train
0.9591177439037861,18,0.17551843095631978,1.0,train
0.7968121300200199,0,5.877634372492558,0.0,train
0.7968121300200199,5,0.0023831564580202623,1.0,train
0.9591177439037861,4,0.3787178471596647,1.0,train
0.9591177439037861,0,5.365262823654893,0.0,train
0.1931001671441963,0,0.6948834096890164,0.0,train
0.1931001671441963,0,4.597388259655123,0.0,train
0.7968121300200199,1,0.33610991994615613,1.0,train
0.5330035777815809,0,0.7951794613389498,0.0,train
0.5330035777815809,0,3.374444870199401,0.0,train
0.9591177439037861,1,2.1161507317593773,1.0,train
0.1931001671441963,0,2.5002868953815396,0.0,train
0.1931001671441963,0,4.968605451905894,0.0,train
0.9591177439037861,11,0.08646458109568164,1.0,train
0.1931001671441963,0,0.05606860831148386,0.0,train
0.7968121300200199,5,0.2587155940443446,1.0,train
0.5330035777815809,0,2.21266824675053,0.0,train
0.5330035777815809,2,0.14737359802404856,1.0,train
0.9591177439037861,13,0.1401104566715107,1.0,train
0.7968121300200199,10,0.021475225577546504,1.0,train
0.9591177439037861,9,0.0071927613325218406,1.0,train
0.5330035777815809,0,1.9959958982191557,0.0,train
0.9591177439037861,1,1.0201997188959302,0.0,train
0.9999545794446535,0,5.0667542914238215,0.0,train
0.9999545794446535,309,0.0007356170837748825,1.0,train
0.1931001671441963,0,1.5101807620235783,0.0,train
0.9999545794446535,52,0.02382103810254905,1.0,train
0.1931001671441963,0,1.8039972705763867,0.0,train
0.1931001671441963,0,2.307059918371735,0.0,train
0.9999545794446535,2520,0.0018289324695332364,1.0,train
0.9999545794446535,9,0.09220000441795832,1.0,train
0.1931001671441963,0,0.002168888036343075,0.0,train
0.9999545794446535,137,0.006686587474268428,1.0,train
0.9999545794446535,209,0.00010722282262543818,1.0,train
0.5330035777815809,0,3.6970259138628347,0.0,train
0.7968121300200199,1,1.975662156520287,1.0,train
0.9591177439037861,5,0.05999967352609285,1.0,train
0.9591177439037861,0,1.3318277667637095,0.0,train
0.7968121300200199,0,3.8895763108982546,0.0,train
0.1931001671441963,0,4.417941526893517,0.0,train
0.9999545794446535,4032,4.924600062484045e-06,1.0,train
0.5330035777815809,1,0.2596153099923572,1.0,train
0.5330035777815809,0,4.854671476844855,0.0,train
0.9591177439037861,31,0.0018697764937812204,1.0,train
0.9591177439037861,0,3.087588935516273,0.0,train
0.7968121300200199,1,0.09135388288634037,1.0,train
0.9999545794446535,594,0.0005143287338465898,1.0,train
0.1931001671441963,0,3.9393775556754256,0.0,train
0.1931001671441963,0,2.637025057908211,0.0,train
0.1931001671441963,0,5.674466936851403,0.0,train
0.1931001671441963,1,1.1729940191122696,1.0,train
0.7968121300200199,3,0.2659380883476175,1.0,train
0.9591177439037861,3,0.31184059965747424,0.0,train
0.7968121300200199,14,0.09288954463536071,1.0,train
0.5330035777815809,0,4.623821284073479,0.0,train
0.7968121300200199,0,5.719077888024547,0.0,train
0.7968121300200199,1,1.1795553080883714,1.0,train
0.9999545794446535,1,1.4202406472948261,0.0,train
0.9999545794446535,11,0.03452225393456869,1.0,train
0.9591177439037861,15,0.004003448411378908,1.0,train
0.5330035777815809,0,1.0958230218135574,0.0,train
0.7968121300200199,1,1.627626127169504,1.0,train
0.9999545794446535,1482,0.0008097370424934511,1.0,train
0.5330035777815809,0,5.373670930630963,0.0,train
0.9999545794446535,83,0.010025917340211696,1.0,train
0.9999545794446535,2323,4.4368628248003363e-05,1.0,train
0.9999545794446535,88,0.0041323034095236185,1.0,train
0.9591177439037861,0,5.1100690906604616,0.0,train
0.5330035777815809,1,1.023412057570798,1.0,train
0.9591177439037861,0,3.4104177664561703,0.0,train
0.5330035777815809,1,0.5800146171999624,1.0,train
0.5330035777815809,0,1.9751745440493702,0.0,train
0.7968121300200199,0,1.5885710734576914,0.0,train
0.5330035777815809,0,5.081214898964803,0.0,train
0.7968121300200199,0,3.062162451456377,0.0,train
0.9999545794446535,1,0.5410831200291119,1.0,train
0.9999545794446535,31,0.012379036987895787,1.0,train
0.9999545794446535,2265,0.00116216818669132,1.0,train
0.9591177439037861,0,0.6670169060460682,0.0,train
0.9591177439037861,0,4.973795456915068,0.0,train
0.1931001671441963,0,4.901113295712763,0.0,train
0.9591177439037861,1,0.9474710241687984,1.0,train
0.5330035777815809,0,0.8328578935523936,0.0,train
0.9999545794446535,0,2.46546335020266,0.0,train
0.9999545794446535,0,0.8280063112982987,0.0,train
0.5330035777815809,1,0.6015158200795293,1.0,train
0.9999545794446535,326,0.0047192314055676116,1.0,train
0.1931001671441963,0,1.5682085039261477,0.0,train
0.5330035777815809,0,0.6954086015078094,0.0,train
0.7968121300200199,7,0.10284498340279001,1.0,train
0.7968121300200199,0,5.262356104570828,0.0,train
0.1931001671441963,0,4.654106803159553,0.0,train
0.1931001671441963,0,1.8914989804555167,0.0,train
0.9591177439037861,0,5.105585809155852,0.0,train
0.9591177439037861,8,0.08319558478693553,1.0,train
0.5330035777815809,0,4.874385396596981,0.0,train
0.7968121300200199,4,0.20493719959716314,1.0,train
0.1931001671441963,0,5.250095655655129,0.0,train
0.7968121300200199,1,0.17726454851376314,1.0,train
0.9591177439037861,5,0.29495323136182583,1.0,train
0.5330035777815809,0,1.6623624781199844,0.0,train
0.7968121300200199,0,5.297856085524961,0.0,train
0.5330035777815809,0,5.728879568756119,0.0,train
0.9999545794446535,0,0.5904518320605112,0.0,train
0.7968121300200199,8,0.2507258956299424,1.0,train
0.9999545794446535,316,0.0021905427564238235,1.0,train
0.9999545794446535,767,0.0009016359138304301,1.0,train
0.1931001671441963,0,1.487159608236427,0.0,train
0.1931001671441963,1,0.45989391199510915,1.0,train
0.9591177439037861,4,0.3662837701084025,1.0,train
0.9591177439037861,11,0.18109914305445823,1.0,train
0.1931001671441963,0,5.6387159544415555,0.0,train
0.9999545794446535,46,0.003218768405917882,1.0,train
0.5330035777815809,0,2.1520201368425242,0.0,train
0.1931001671441963,1,0.01474015934566875,1.0,train
0.5330035777815809,0,4.7343411706242655,0.0,train
0.9999545794446535,3,0.04487895447022741,1.0,train
0.1931001671441963,0,4.77338650553675,0.0,train
0.9999545794446535,12,0.3476333163276473,1.0,train
0.1931001671441963,0,2.7107858447120594,0.0,train
0.5330035777815809,0,1.7554061088054487,0.0,train
0.9999545794446535,1,0.38794014907423113,0.0,train
0.5330035777815809,0,3.3639818299787936,0.0,train
0.7968121300200199,2,1.2298904445172345,1.0,train
0.1931001671441963,0,2.0365303989027272,0.0,train
0.9591177439037861,6,0.04537258438320968,1.0,train
0.9999545794446535,1276,0.0006136899151939723,1.0,train
0.1931001671441963,0,5.15391032041571,0.0,train
0.9999545794446535,2511,0.000936713801854585,1.0,train
0.5330035777815809,0,3.9016791876841346,0.0,train
0.7968121300200199,8,0.08113770860903426,1.0,train
0.9999545794446535,0,4.651548329003021,0.0,train
0.1931001671441963,0,3.6790545648671324,0.0,train
0.9999545794446535,37,0.01547112675956921,1.0,train
0.1931001671441963,0,3.8607807255759483,0.0,train
0.9999545794446535,29,0.006665419930115267,1.0,train
0.7968121300200199,0,4.797371612038893,0.0,train
0.7968121300200199,2,0.13734245491927433,1.0,train
0.1931001671441963,0,2.8944895761998337,0.0,train
0.9999545794446535,133,0.011801538434575393,1.0,train
0.9999545794446535,72,0.011645180928062028,1.0,train
0.7968121300200199,3,0.16237624197165398,1.0,train
0.7968121300200199,0,0.6833256364970746,0.0,train
0.9591177439037861,33,0.001942393435517168,1.0,train
0.9591177439037861,1,1.6506317262756984,1.0,train
0.5330035777815809,0,5.805796235196559,0.0,train
0.7968121300200199,3,0.006757383746694471,1.0,train
0.9999545794446535,11,0.35884170741286286,1.0,train
0.1931001671441963,0,1.2545478592225094,0.0,train
0.9591177439037861,0,1.4466261078448879,0.0,train
0.5330035777815809,0,3.3499698293470814,0.0,train
0.1931001671441963,0,2.3706180798655394,0.0,train
0.5330035777815809,0,4.973097188098283,0.0,train
0.9999545794446535,14,0.0107676572291399,1.0,train
0.9999545794446535,9850,0.00011641168036488907,1.0,train
0.5330035777815809,0,3.9821188007278767,0.0,train
0.5330035777815809,0,5.677074614217144,0.0,train
0.9999545794446535,1,1.2616041910866211,1.0,train
0.1931001671441963,0,3.9206128898423485,0.0,train
0.5330035777815809,0,3.2956470358186447,0.0,train
0.9591177439037861,1,0.39991035265058605,0.0,train
0.9999545794446535,149,0.012872225221324139,1.0,train
0.9999545794446535,0,3.3570378757193753,0.0,val
0.1931001671441963,0,5.878887905912663,0.0,val
0.9999545794446535,55,0.019206753965972705,1.0,val
0.9591177439037861,0,0.3264519387308349,0.0,val
0.5330035777815809,0,0.852165126765426,0.0,val
0.9591177439037861,62,0.019177729369151398,1.0,val
0.9591177439037861,5,0.012461617248440192,1.0,val
0.9591177439037861,24,0.005210388405557152,1.0,val
0.9591177439037861,2,0.0924944917236922,1.0,val
0.5330035777815809,0,2.104249398271918,0.0,val
0.9999545794446535,408,0.0018817242167629724,1.0,val
0.9999545794446535,725,0.0008131218718020486,1.0,val
0.1931001671441963,0,0.6945283269945761,0.0,val
0.9999545794446535,2,0.04053929969464676,0.0,val
0.1931001671441963,0,3.1687450696509107,0.0,val
0.5330035777815809,1,1.0887305060516967,0.0,val
0.1931001671441963,0,4.834482445961008,0.0,val
0.1931001671441963,1,4.4142484959971044,1.0,val
0.9999545794446535,35,0.06494754797768777,1.0,val
0.9591177439037861,3,0.002454303957517919,1.0,val
0.9591177439037861,2,1.205978539063079,1.0,val
0.9591177439037861,1,0.5201528508803333,1.0,val
0.1931001671441963,0,3.067907100841717,0.0,val
0.9999545794446535,11,0.11348645351934993,1.0,val
0.1931001671441963,0,3.4432472358368504,0.0,val
0.1931001671441963,0,1.7837573828308577,0.0,val
0.9591177439037861,0,2.2661926304666027,0.0,val
0.9999545794446535,504,0.0012861225548440323,1.0,val
0.7968121300200199,0,4.325213013613232,0.0,val
0.5330035777815809,1,1.646920685410707,1.0,val
0.7968121300200199,0,1.9347116899819339,0.0,val
0.9591177439037861,0,3.1319535761012003,0.0,val
0.5330035777815809,0,2.496213927211828,0.0,val
0.9999545794446535,939,0.0008130264005127521,1.0,val
0.5330035777815809,0,5.1799954952082885,0.0,val
0.1931001671441963,0,2.230964301994846,0.0,val
0.5330035777815809,0,4.285031628819846,0.0,val
0.9999545794446535,0,0.36451943830184663,0.0,val
0.9999545794446535,305,0.0008840630363621904,1.0,val
0.1931001671441963,0,3.9958929533767806,0.0,val
0.7968121300200199,0,1.4769851452361535,0.0,val
0.9999545794446535,4602,0.0001899207870128403,1.0,val
0.7968121300200199,3,0.07990627593148836,0.0,val
0.9999545794446535,854,0.0014790584589267062,1.0,val
0.9591177439037861,5,0.038175557001938316,1.0,val
0.9999545794446535,0,0.1281639751368513,0.0,val
0.1931001671441963,0,2.345921649962935,0.0,val
0.1931001671441963,0,5.80802931036374,0.0,val
0.9591177439037861,3,0.61683308463955,1.0,val
0.5330035777815809,1,0.3044943635379108,1.0,val
0.9999545794446535,4837,3.919368037095034e-05,1.0,val
0.1931001671441963,1,1.0831141436784995,1.0,val
0.1931001671441963,0,5.309725591361625,0.0,val
0.9591177439037861,2,1.265537397062882,1.0,val
0.9591177439037861,0,4.804863777659006,0.0,val
0.7968121300200199,0,0.6909188983228358,0.0,val
0.9591177439037861,1,3.052908384276426,1.0,val
0.9999545794446535,0,2.0333030117421034,0.0,val
0.9591177439037861,0,2.522163466646834,0.0,val
0.9591177439037861,0,0.2918588991877855,0.0,val
0.7968121300200199,4,0.3755103129212258,1.0,val
0.9999545794446535,8121,0.0003454109050042595,1.0,val
0.7968121300200199,0,2.6158064116287667,0.0,val
0.9591177439037861,0,3.156604456322654,0.0,val
0.9591177439037861,7,0.15088144606240225,1.0,val
0.7968121300200199,0,0.15380422791888537,0.0,val
0.9999545794446535,198,0.0006324418080245497,1.0,val
0.1931001671441963,0,2.9777609584776012,0.0,val
0.9999545794446535,36,0.01576529885921383,1.0,val
0.1931001671441963,0,5.632510101806292,0.0,val
0.9591177439037861,4,0.30851915789182655,1.0,val
0.7968121300200199,0,3.364207151024143,0.0,val
0.5330035777815809,0,5.091762888118468,0.0,val
0.7968121300200199,0,2.6321252276867853,0.0,val
0.7968121300200199,0,4.470630334118284,0.0,val
0.9591177439037861,1,1.8867362115995343,0.0,val
0.9999545794446535,2,0.2609580790221493,1.0,val
0.5330035777815809,0,0.4193066785965929,0.0,val
0.9591177439037861,7,0.03553036050546613,1.0,val
0.9591177439037861,7,0.014237975828234883,1.0,val
0.9999545794446535,454,0.0010161656641370282,1.0,val
0.7968121300200199,3,0.41064848867454834,1.0,val
0.1931001671441963,0,2.279675983663695,0.0,val
0.9591177439037861,0,3.9864413095377254,0.0,val
0.1931001671441963,0,1.037658608793013,0.0,val
0.7968121300200199,0,2.6831431041196026,0.0,val
0.1931001671441963,0,1.7905517705863225,0.0,val
0.9999545794446535,496,0.0035698270694692925,1.0,val
0.9591177439037861,20,0.11978576531546963,1.0,val
0.1931001671441963,0,0.7657116592520274,0.0,val
0.9999545794446535,43,0.03386386696409631,1.0,val
0.9999545794446535,0,1.5392545305050391,0.0,val
0.9999545794446535,2,0.6225409288575932,1.0,val
0.1931001671441963,0,2.3220630269608717,0.0,val
0.1931001671441963,0,5.236242204633065,0.0,val
0.9999545794446535,3,0.1809677063632863,1.0,val
0.9591177439037861,2,0.22121419348267188,1.0,val
0.9591177439037861,0,5.966358223647603,0.0,val
0.5330035777815809,0,5.401391117965169,0.0,val
0.5330035777815809,0,5.56645100463528,0.0,val
0.5330035777815809,1,0.304885989919767,1.0,val
0.9999545794446535,3,0.16491098498264056,1.0,val
0.5330035777815809,0,3.430528137127838,0.0,val
0.7968121300200199,0,3.057485159390809,0.0,val
0.1931001671441963,0,1.2993363880500992,0.0,val
0.5330035777815809,0,1.2583406677337312,0.0,val
0.9591177439037861,28,0.022527928064034416,1.0,val
0.5330035777815809,0,3.197351403704606,0.0,val
0.5330035777815809,1,0.2781495578734859,1.0,val
0.9591177439037861,0,1.595799550016373,0.0,val
0.9591177439037861,6,0.46013613091050304,1.0,val
0.1931001671441963,0,4.838820488010062,0.0,val
0.9591177439037861,2,0.003120246049479342,1.0,val
0.9999545794446535,1,0.3119237421843416,1.0,val
0.9591177439037861,10,0.048983549342481066,1.0,val
0.5330035777815809,0,1.0590418671525508,0.0,val
0.9999545794446535,36,0.019784502769326504,1.0,val
0.9999545794446535,1170,0.0008910618908711252,1.0,val
0.7968121300200199,0,1.5310916405914672,0.0,val
0.5330035777815809,0,3.8959196176295388,0.0,val
0.1931001671441963,0,2.5725331900492128,0.0,val
0.1931001671441963,0,0.9573104032142146,0.0,val
0.5330035777815809,0,0.39165237138938536,0.0,val
0.9591177439037861,0,0.1329864367059428,0.0,val
0.9999545794446535,5574,0.00019058266119086043,1.0,val
0.9999545794446535,0,4.243189911599645,0.0,val
0.1931001671441963,0,1.8537896261503264,0.0,val
0.7968121300200199,0,4.026516418522343,0.0,val
0.9591177439037861,8,0.05273672426950481,1.0,val
0.7968121300200199,0,4.170546549198811,0.0,val
0.9591177439037861,3,0.05885670882743972,1.0,val
0.9591177439037861,0,2.007544511429856,0.0,val
0.1931001671441963,0,5.804076288249471,0.0,val
0.9591177439037861,1,0.12199817786993418,1.0,val
0.7968121300200199,0,2.2422483330504326,0.0,val
0.9591177439037861,38,0.04542469334501188,1.0,val
0.5330035777815809,1,0.984028888865204,1.0,val
0.7968121300200199,1,1.971374052258623,1.0,val
0.5330035777815809,0,1.3153809066036017,0.0,val
0.5330035777815809,0,1.79013960758984,0.0,val
0.9999545794446535,21,0.004755067637099128,1.0,val
0.9591177439037861,5,0.08359177935467481,1.0,val
0.7968121300200199,0,1.4451353412813341,0.0,val
0.7968121300200199,0,5.9869120849846595,0.0,val
0.9999545794446535,6328,0.00012881771264653126,1.0,val
0.9999545794446535,9,0.0355928341981394,1.0,val
0.1931001671441963,1,0.15549974838761943,1.0,val
0.9591177439037861,0,4.822026149663657,0.0,val
0.7968121300200199,1,0.6357857830162397,0.0,val
0.5330035777815809,0,0.2343485296811798,0.0,val
0.9999545794446535,654,0.0005874862227119769,1.0,val
0.9999545794446535,77,0.010466269927564357,1.0,val
0.1931001671441963,0,4.92646136881634,0.0,val
0.5330035777815809,0,5.7800740624282785,0.0,val
0.7968121300200199,0,0.9608872426983497,0.0,val
0.7968121300200199,3,0.20598693093283324,1.0,val
0.9591177439037861,0,3.3780696786482656,0.0,val
0.9999545794446535,430,0.0026255999967481768,1.0,val
0.9591177439037861,5,0.5066125443024597,1.0,val
0.7968121300200199,5,0.29443113331815657,1.0,val
0.7968121300200199,0,1.361210515683869,0.0,val
0.7968121300200199,1,0.4694230085342343,1.0,val
0.7968121300200199,0,0.11730817346583589,0.0,val
0.9999545794446535,67,0.03270664752596757,1.0,val
0.5330035777815809,4,0.36897505536176906,1.0,val
0.9591177439037861,2,0.2861162493206446,1.0,val
0.1931001671441963,0,1.846067641133245,0.0,val
0.9591177439037861,7,0.02505375500026628,1.0,val
0.5330035777815809,0,1.0959965361614585,0.0,val
0.1931001671441963,0,3.6568601236865224,0.0,val
0.9999545794446535,106,0.010231173787698172,1.0,val
0.1931001671441963,0,3.2950219031973513,0.0,val
0.1931001671441963,0,0.5984995031499476,0.0,val
0.9591177439037861,0,3.0370019915025885,0.0,val
0.1931001671441963,0,3.3169157872202257,0.0,val
0.9591177439037861,0,0.16300806635327536,0.0,val
0.1931001671441963,0,4.040369513841424,0.0,val
0.1931001671441963,0,1.554645708981164,0.0,val
0.5330035777815809,0,2.927494563914178,0.0,val
0.5330035777815809,1,1.1793804399626269,0.0,val
0.5330035777815809,2,1.1113556639778228,1.0,val
0.7968121300200199,0,1.3797385738760666,0.0,val
0.1931001671441963,0,5.620374837494844,0.0,val
0.7968121300200199,4,0.20463993490537097,1.0,val
0.1931001671441963,0,0.39866904118986524,0.0,val
0.7968121300200199,1,0.11949364862085864,1.0,val
0.7968121300200199,1,0.1598702767717459,1.0,val
0.7968121300200199,1,0.9441933869474762,1.0,val
0.9591177439037861,12,0.30827308342698423,1.0,val
0.5330035777815809,0,1.9110838636318443,0.0,val
0.7968121300200199,0,0.8284650305342949,0.0,val
0.7968121300200199,1,2.389025297120863,0.0,val
0.5330035777815809,1,0.3360774450189953,1.0,val
0.9999545794446535,4,0.10561729208041419,1.0,val
0.9999545794446535,6,0.008490315762087074,1.0,val
0.9999545794446535,3567,0.00014382482443207884,1.0,val
0.9999545794446535,389,0.0004720781884687444,1.0,val
0.1931001671441963,0,4.188822322132439,0.0,val
0.7968121300200199,1,0.10658740780902444,1.0,val
0.1931001671441963,0,5.859101920582297,0.0,val
0.1931001671441963,1,0.17684435456934844,1.0,val
0.1931001671441963,0,3.481538006471121,0.0,val
0.9999545794446535,28,0.003448094150406091,1.0,val
0.5330035777815809,0,4.351394224489348,0.0,val
0.5330035777815809,0,2.0671822324390843,0.0,val
0.1931001671441963,0,1.8221683685720196,0.0,val
0.7968121300200199,5,0.14669249490337144,1.0,val
0.1931001671441963,0,5.836850519053,0.0,val
0.9999545794446535,202,0.006011646309269918,1.0,val
0.9591177439037861,0,5.784328726055102,0.0,val
0.5330035777815809,2,0.33298379353472124,1.0,val
0.1931001671441963,0,2.548534587162699,0.0,val
0.5330035777815809,1,0.3174899716231914,1.0,val
0.5330035777815809,0,2.364196452525884,0.0,val
0.9591177439037861,0,1.2408082281891526,0.0,test
0.5330035777815809,0,4.537426429088302,0.0,test
0.5330035777815809,0,2.3273435962627067,0.0,test
0.9591177439037861,4,0.020914382810207702,1.0,test
0.9591177439037861,1,0.2107146027675743,1.0,test
0.9999545794446535,225,0.0019374948644862505,1.0,test
0.1931001671441963,0,4.937236722562447,0.0,test
0.9591177439037861,0,4.7317665769828965,0.0,test
0.1931001671441963,0,4.889635947172505,0.0,test
0.7968121300200199,0,5.225653888023331,0.0,test
0.1931001671441963,0,0.4428872004574107,0.0,test
0.1931001671441963,0,5.710930547219099,0.0,test
0.9999545794446535,17,0.0252513800633155,1.0,test
0.5330035777815809,0,5.601619229477501,0.0,test
0.1931001671441963,0,2.5210251170299713,0.0,test
0.5330035777815809,1,0.24227417997088319,0.0,test
0.9591177439037861,0,1.5769406123581966,0.0,test
0.1931001671441963,0,2.378169968039747,0.0,test
0.1931001671441963,0,4.636443247119798,0.0,test
0.9999545794446535,59,0.009148295532826683,1.0,test
0.9999545794446535,1,2.0651593649493307,1.0,test
0.7968121300200199,0,5.276031083982216,0.0,test
0.5330035777815809,0,5.344753575189701,0.0,test
0.7968121300200199,0,4.1385861498738725,0.0,test
0.7968121300200199,2,0.5051106376483838,1.0,test
0.9591177439037861,2,0.5323191520724654,1.0,test
0.1931001671441963,0,2.9763908601296043,0.0,test
0.9591177439037861,3,0.253551104881563,1.0,test
0.9999545794446535,385,0.000563828593190859,1.0,test
0.7968121300200199,1,0.8195917452714053,1.0,test
0.9999545794446535,2,0.25689878331791666,1.0,test
0.5330035777815809,0,3.8996618795920406,0.0,test
0.1931001671441963,0,0.12280515470640951,0.0,test
0.1931001671441963,0,1.9096058862830005,0.0,test
0.9999545794446535,41,0.006955243335561922,1.0,test
0.1931001671441963,0,1.1777669751438757,0.0,test
0.9591177439037861,0,0.24957546538665554,0.0,test
0.5330035777815809,2,0.8818842077853059,1.0,test
0.1931001671441963,0,5.316223822263568,0.0,test
0.1931001671441963,0,3.1256336339695157,0.0,test
0.9999545794446535,1,0.9030734052607873,1.0,test
0.7968121300200199,0,0.7423571175101791,0.0,test
0.1931001671441963,0,3.9200811643114157,0.0,test
0.5330035777815809,0,2.786928837265523,0.0,test
0.1931001671441963,0,4.012688949686373,0.0,test
0.1931001671441963,0,5.653302499265221,0.0,test
0.9999545794446535,99,0.0015964479855842234,1.0,test
0.9999545794446535,0,0.5559868207412837,0.0,test
0.7968121300200199,1,0.91527127032443,1.0,test
0.7968121300200199,2,0.17838641744352932,1.0,test
0.5330035777815809,1,0.7663475754598984,1.0,test
0.9591177439037861,4,1.309811859085764,1.0,test
0.5330035777815809,0,1.9815655371167438,0.0,test
0.9591177439037861,5,0.7834861596420515,1.0,test
0.9999545794446535,0,3.1976693236900613,0.0,test
0.9591177439037861,2,0.12815720003148648,1.0,test
0.9591177439037861,2,1.6355903181252764,1.0,test
0.1931001671441963,0,5.954639596555884,0.0,test
0.1931001671441963,0,1.220031792146347,0.0,test
0.9999545794446535,7,0.09881543590698673,1.0,test
0.7968121300200199,1,0.45510353658465436,1.0,test
0.5330035777815809,0,3.330387502817241,0.0,test
0.5330035777815809,0,4.637376399458021,0.0,test
0.5330035777815809,0,1.4999420563883519,0.0,test
0.5330035777815809,0,4.585654245150847,0.0,test
0.1931001671441963,0,0.5869168364095059,0.0,test
0.7968121300200199,0,5.997529583105467,0.0,test
0.7968121300200199,0,5.229983051468561,0.0,test
0.7968121300200199,1,0.02972654542323232,1.0,test
0.9591177439037861,6,0.07667314975107681,1.0,test
0.1931001671441963,0,4.872701202244538,0.0,test
0.7968121300200199,0,0.9729121273569648,0.0,test
0.7968121300200199,2,0.14272700661774881,1.0,test
0.5330035777815809,0,0.5861465299082484,0.0,test
0.7968121300200199,0,2.7957713657462753,0.0,test
0.7968121300200199,3,0.5522704894243204,1.0,test
0.9999545794446535,5587,0.00021396778077514836,1.0,test
0.1931001671441963,0,4.328711029409502,0.0,test
0.1931001671441963,0,5.610352334819605,0.0,test
0.5330035777815809,1,0.06251484452314346,1.0,test
0.7968121300200199,0,5.840175921325451,0.0,test
0.1931001671441963,0,4.466422325681917,0.0,test
0.1931001671441963,0,1.8055481574248216,0.0,test
0.7968121300200199,1,0.5557961850254793,1.0,test
0.5330035777815809,0,0.212330606926733,0.0,test
0.1931001671441963,0,0.379823250373849,0.0,test
0.7968121300200199,0,2.041958718465854,0.0,test
0.9999545794446535,10,0.03767068643544702,1.0,test
0.5330035777815809,2,0.38270291307961973,1.0,test
0.9591177439037861,17,0.031480564312523995,1.0,test
0.9591177439037861,72,0.012454546319883332,1.0,test
0.9999545794446535,2,0.058594862309736255,1.0,test
0.5330035777815809,0,0.9962364517223921,0.0,test
0.1931001671441963,0,5.399586909512747,0.0,test
0.5330035777815809,1,0.6074433170304375,1.0,test
0.9999545794446535,1090,0.001699149521529413,1.0,test
0.9999545794446535,2,1.55442222289526,1.0,test
0.9999545794446535,229,0.004799126610958316,1.0,test
0.9591177439037861,2,1.7705645126660763,1.0,test
0.9591177439037861,1,0.3311246932257494,1.0,test
0.9999545794446535,27,0.00890009558453791,1.0,test
0.9999545794446535,89,0.01675794705711971,1.0,test
0.9999545794446535,52,0.003405034658119166,1.0,test
0.1931001671441963,1,0.02118646516660494,0.0,test
0.9591177439037861,5,0.10144540743588965,1.0,test
0.7968121300200199,0,1.3782581970997827,0.0,test
0.9591177439037861,0,0.7482610597193702,0.0,test
0.1931001671441963,0,3.2934605904985403,0.0,test
0.7968121300200199,0,0.024759561032332122,0.0,test
0.9591177439037861,17,0.08100302985051995,1.0,test
0.9591177439037861,0,3.0279650263140736,0.0,test
0.1931001671441963,0,5.135510660403679,0.0,test
0.1931001671441963,3,0.19177614929372555,1.0,test
0.9591177439037861,2,0.08978128092782031,1.0,test
0.1931001671441963,0,1.1319345281814752,0.0,test
0.1931001671441963,0,3.6043330863531136,0.0,test
0.1931001671441963,0,4.605949293231054,0.0,test
0.9591177439037861,0,3.359929716753523,0.0,test
0.1931001671441963,0,3.794423552737133,0.0,test
0.7968121300200199,0,3.3361670433013444,0.0,test
0.1931001671441963,0,4.683271916256327,0.0,test
0.5330035777815809,2,0.7932373945428602,1.0,test
0.9591177439037861,1,0.24192940185611528,1.0,test
0.7968121300200199,1,2.671892842381488,1.0,test
0.9999545794446535,2,0.5715983659896948,1.0,test
0.9591177439037861,18,0.009367643562785473,1.0,test
0.1931001671441963,0,2.038594267859499,0.0,test
0.9591177439037861,0,5.271194319925652,0.0,test
0.9591177439037861,5,0.10959991829546019,1.0,test
0.1931001671441963,0,4.6910314304070875,0.0,test
0.9591177439037861,3,0.19157634927800468,1.0,test
0.5330035777815809,0,1.2868068891501179,0.0,test
0.5330035777815809,0,4.39179254237227,0.0,test
0.7968121300200199,0,4.401064115778675,0.0,test
0.7968121300200199,2,0.13115481346539523,1.0,test
0.1931001671441963,0,2.384429524426091,0.0,test
0.9999545794446535,805,0.0014088352366127858,1.0,test
0.1931001671441963,0,0.6287098831947646,0.0,test
0.9591177439037861,14,0.03378614419993456,1.0,test
0.5330035777815809,1,0.7966678064551458,1.0,test
0.7968121300200199,0,3.817391300052301,0.0,test
0.9591177439037861,9,0.07964830675301694,1.0,test
0.5330035777815809,0,3.5878414687628775,0.0,test
0.1931001671441963,0,0.5013578857329397,0.0,test
0.1931001671441963,0,1.1305895025113457,0.0,test
0.5330035777815809,0,4.345342786290985,0.0,test
0.5330035777815809,0,5.029088256220956,0.0,test
0.1931001671441963,0,4.701436988642634,0.0,test
0.9591177439037861,0,1.2400700085373906,0.0,test
0.9591177439037861,39,0.038517663181887554,1.0,test
0.7968121300200199,5,0.0732103165218365,1.0,test
0.5330035777815809,1,0.46279231502739304,1.0,test
0.9999545794446535,58,0.006369765020508277,1.0,test
0.5330035777815809,2,0.241275974653203,1.0,test
0.9999545794446535,93,0.0288606301551535,1.0,test
0.5330035777815809,0,0.6997776583070059,0.0,test
0.9591177439037861,0,1.807992099235664,0.0,test
0.1931001671441963,0,3.6115419526450623,0.0,test
0.7968121300200199,0,1.9866690255290669,0.0,test
0.7968121300200199,1,1.4554121831110198,1.0,test
0.1931001671441963,0,0.877705960416435,0.0,test
0.9999545794446535,1042,0.0003388458995979728,1.0,test
0.5330035777815809,0,3.72373193096752,0.0,test
0.9999545794446535,2727,0.00016811775517641835,1.0,test
0.1931001671441963,0,1.665213069442851,0.0,test
0.9591177439037861,16,0.05264863107448627,1.0,test
0.5330035777815809,1,0.5753801759866498,1.0,test
0.1931001671441963,0,1.0404791953278876,0.0,test
0.9999545794446535,3,0.10739366319753144,1.0,test
0.5330035777815809,0,2.636439187538034,0.0,test
0.1931001671441963,0,4.9471198649878385,0.0,test
0.5330035777815809,0,5.200574438740758,0.0,test
0.7968121300200199,0,2.6517491501254344,0.0,test
0.7968121300200199,6,0.06958976348034232,1.0,test
0.9999545794446535,20,0.02847145032250317,1.0,test
0.5330035777815809,0,0.6871630354225786,0.0,test
0.5330035777815809,0,0.07086502343767509,0.0,test
0.7968121300200199,0,4.971365892488762,0.0,test
0.9591177439037861,12,0.2224035755019492,1.0,test
0.7968121300200199,0,5.249848951966952,0.0,test
0.9999545794446535,1237,0.001037942165622242,1.0,test
0.1931001671441963,0,1.000598393915136,0.0,test
0.7968121300200199,0,2.201905005092813,0.0,test
0.5330035777815809,1,1.0183341520519398,1.0,test
0.9999545794446535,2768,0.001344064419692164,1.0,test
0.5330035777815809,1,3.1087746377556,0.0,test
0.5330035777815809,0,3.6465198811919795,0.0,test
0.1931001671441963,0,5.257559204840837,0.0,test
0.9591177439037861,7,0.0077383540053186355,1.0,test
0.7968121300200199,0,5.2686718007710365,0.0,test
0.7968121300200199,1,0.22767305926164874,1.0,test
0.7968121300200199,0,4.768543967408715,0.0,test
0.1931001671441963,0,3.1699297165140186,0.0,test
0.5330035777815809,0,3.0208321438529104,0.0,test
0.1931001671441963,0,3.309030354033738,0.0,test
0.7968121300200199,0,1.1614248156489198,0.0,test
0.7968121300200199,5,0.1773926722604317,1.0,test
0.1931001671441963,1,1.4825750471491377,1.0,test
0.9591177439037861,7,0.13596161090837533,1.0,test
0.7968121300200199,0,3.988460111850025,0.0,test
0.5330035777815809,0,4.123129725920884,0.0,test
0.9591177439037861,18,0.012253003622182188,1.0,test
0.9591177439037861,11,0.03881280342779669,1.0,test
0.1931001671441963,0,5.912824004598267,0.0,test
0.5330035777815809,4,0.2784722414491519,1.0,test
0.5330035777815809,0,0.588045981817586,0.0,test
0.1931001671441963,0,5.82935324933506,0.0,test
0.1931001671441963,0,2.9153124130243904,0.0,test
0.7968121300200199,13,0.12749890989054335,1.0,test
0.9591177439037861,0,2.9259388135435715,0.0,test
0.9999545794446535,1901,0.0003835518973765174,1.0,test
0.9999545794446535,1383,0.00035918468382789716,1.0,test
0.9999545794446535,1903,0.0003147633322387342,1.0,test
0.1931001671441963,0,1.1514741104122315,0.0,test
