theta,m,t,delta,set
0.05129329438755048,0,1.0605386283033331,0.0,train
0.5108256237659907,3,0.1410777083105152,1.0,train
0.22314355131420976,0,2.090046873756581,0.0,train
0.05129329438755048,0,2.254511740007208,0.0,train
0.3566749439387324,0,2.133496354249848,0.0,train
0.3566749439387324,1,0.661495134241228,1.0,train
0.22314355131420976,0,2.560669133778946,0.0,train
0.5108256237659907,0,4.622694794228538,0.0,train
0.10536051565782635,0,3.114198146262229,0.0,train
0.3566749439387324,0,2.6383746228023353,0.0,train
0.5108256237659907,0,2.6530478126984116,0.0,train
0.10536051565782635,0,2.5263680697068374,0.0,train
0.3566749439387324,0,3.887983034063976,0.0,train
0.3566749439387324,0,5.934560208625763,0.0,train
0.5108256237659907,0,2.5681578540658276,0.0,train
0.05129329438755048,0,4.2592180853707085,0.0,train
0.5108256237659907,1,0.40669717444067627,1.0,train
0.05129329438755048,0,1.0195491187976675,0.0,train
0.22314355131420976,0,2.688676489800786,0.0,train
0.10536051565782635,0,2.4464063742876094,0.0,train
0.5108256237659907,0,3.2456229761682995,0.0,train
0.05129329438755048,0,5.6837380259195855,0.0,train
0.05129329438755048,0,0.5721532873536279,0.0,train
0.3566749439387324,4,0.30454623030820277,1.0,train
0.10536051565782635,0,2.486242628379624,0.0,train
0.05129329438755048,0,2.7831675205143815,0.0,train
0.5108256237659907,0,0.48463314348781683,0.0,train
0.5108256237659907,0,0.021222496180641315,0.0,train
0.5108256237659907,3,0.9047463231018346,1.0,train
0.3566749439387324,0,4.606034244547723,0.0,train
0.10536051565782635,2,0.5734080784946124,1.0,train
0.5108256237659907,0,5.458436600008282,0.0,train
0.05129329438755048,0,4.041174463141267,0.0,train
0.3566749439387324,0,4.26869645348612,0.0,train
0.05129329438755048,0,1.7261560285566646,0.0,train
0.22314355131420976,0,4.049636804432146,0.0,train
0.10536051565782635,0,1.0855752398015481,0.0,train
0.05129329438755048,0,0.495196033542874,0.0,train
0.5108256237659907,1,0.6948785038203049,1.0,train
0.3566749439387324,1,1.4310489038758318,0.0,train
0.5108256237659907,1,0.4395878735730563,0.0,train
0.3566749439387324,0,0.10583484383226316,0.0,train
0.3566749439387324,0,0.47522831920879427,0.0,train
0.22314355131420976,0,0.8581034067583069,0.0,train
0.10536051565782635,0,2.7816874239161145,0.0,train
0.05129329438755048,0,2.0236979125658534,0.0,train
0.22314355131420976,0,2.984532766478986,0.0,train
0.10536051565782635,0,2.1743259585855514,0.0,train
0.3566749439387324,0,4.8953298767402735,0.0,train
0.05129329438755048,0,1.979357563601368,0.0,train
0.05129329438755048,0,0.15688624343969582,0.0,train
0.22314355131420976,1,0.3529960300515188,1.0,train
0.5108256237659907,1,0.38281984433126026,1.0,train
0.3566749439387324,0,3.0538281984769875,0.0,train
0.05129329438755048,0,2.172972422661526,0.0,train
0.10536051565782635,1,0.06317604790184289,1.0,train
0.22314355131420976,0,3.772169369168009,0.0,train
0.22314355131420976,0,1.2881659202315334,0.0,train
0.3566749439387324,2,0.5637772323435292,1.0,train
0.3566749439387324,1,0.13653671973968187,1.0,train
0.3566749439387324,0,4.049786101689628,0.0,train
0.05129329438755048,0,5.49768599350872,0.0,train
0.05129329438755048,0,0.10536526940684965,0.0,train
0.05129329438755048,0,2.470606743274538,0.0,train
0.5108256237659907,0,1.7140122914597737,0.0,train
0.3566749439387324,0,2.0550765946791962,0.0,train
0.10536051565782635,1,0.9463100161097953,1.0,train
0.3566749439387324,0,5.6821102693388035,0.0,train
0.22314355131420976,0,1.1970118851697245,0.0,train
0.10536051565782635,0,4.571370007069799,0.0,train
0.05129329438755048,0,4.320038772321024,0.0,train
0.10536051565782635,0,3.1262689645531676,0.0,train
0.10536051565782635,0,2.3713622357821693,0.0,train
0.22314355131420976,1,0.3192397129170704,1.0,train
0.10536051565782635,0,1.5905573387691174,0.0,train
0.05129329438755048,0,1.0117388151891353,0.0,train
0.05129329438755048,0,4.17495493905302,0.0,train
0.5108256237659907,0,2.421862138500971,0.0,train
0.3566749439387324,3,0.3037304499496345,1.0,train
0.10536051565782635,1,0.5743565636827223,1.0,train
0.22314355131420976,3,0.14638826071001568,1.0,train
0.3566749439387324,0,2.8353009008843957,0.0,train
0.5108256237659907,2,0.3702281634776582,1.0,train
0.3566749439387324,0,5.897307215973386,0.0,train
0.3566749439387324,0,2.941539217184424,0.0,train
0.3566749439387324,0,0.17720118246674632,0.0,train
0.22314355131420976,1,0.8095872345894529,1.0,train
0.3566749439387324,0,5.9125710632665545,0.0,train
0.3566749439387324,6,0.0983398239470886,1.0,train
0.10536051565782635,0,3.353798873769917,0.0,train
0.22314355131420976,0,4.36860089506067,0.0,train
0.22314355131420976,0,3.190122228465053,0.0,train
0.5108256237659907,0,4.997685238089202,0.0,train
0.5108256237659907,0,5.613116791551962,0.0,train
0.10536051565782635,0,5.653000179869303,0.0,train
0.05129329438755048,0,4.098367353424825,0.0,train
0.3566749439387324,3,0.21297850681571437,1.0,train
0.05129329438755048,0,1.4869639962907288,0.0,train
0.05129329438755048,0,1.2668555001953319,0.0,train
0.5108256237659907,2,0.8593117658493576,1.0,train
0.05129329438755048,0,4.9729806079813095,0.0,train
0.5108256237659907,0,3.273917809433757,0.0,train
0.05129329438755048,0,1.6777987878296863,0.0,train
0.05129329438755048,0,3.716337050996387,0.0,train
0.10536051565782635,0,4.6947826269667505,0.0,train
0.22314355131420976,0,3.156729275652882,0.0,train
0.22314355131420976,0,3.51818272989051,0.0,train
0.22314355131420976,0,2.4947259929960905,0.0,train
0.05129329438755048,0,0.2904750325245542,0.0,train
0.3566749439387324,0,5.376339912353037,0.0,train
0.10536051565782635,0,0.5156163597628343,0.0,train
0.05129329438755048,0,2.801482705617182,0.0,train
0.3566749439387324,0,5.90480920057507,0.0,train
0.5108256237659907,0,5.15810481287272,0.0,train
0.22314355131420976,0,0.119633753494363,0.0,train
0.10536051565782635,0,0.6159189270721104,0.0,train
0.05129329438755048,0,4.436261623736586,0.0,train
0.05129329438755048,0,2.107507265378798,0.0,train
0.22314355131420976,0,5.105604906631656,0.0,train
0.10536051565782635,0,4.316254825981204,0.0,train
0.5108256237659907,7,0.019545987293881465,1.0,train
0.22314355131420976,0,1.9352478814527254,0.0,train
0.10536051565782635,0,0.15112220228115292,0.0,train
0.22314355131420976,2,0.15802770443595973,1.0,train
0.5108256237659907,1,0.20167312961005296,1.0,train
0.3566749439387324,0,1.1139556009894584,0.0,train
0.05129329438755048,0,3.0482862012442813,0.0,train
0.3566749439387324,0,5.928552299689917,0.0,train
0.22314355131420976,0,1.443981391071161,0.0,train
0.3566749439387324,1,1.9947682782481357,1.0,train
0.5108256237659907,0,3.3648304852813276,0.0,train
0.3566749439387324,0,0.8384337738367516,0.0,train
0.10536051565782635,0,2.612246179718986,0.0,train
0.10536051565782635,0,2.196128564215998,0.0,train
0.5108256237659907,0,3.3072606086424883,0.0,train
0.3566749439387324,1,0.15995802186078054,1.0,train
0.22314355131420976,0,2.983505789221028,0.0,train
0.5108256237659907,0,5.293078377570991,0.0,train
0.3566749439387324,0,5.888992550304216,0.0,train
0.10536051565782635,0,4.992755075196461,0.0,train
0.05129329438755048,0,3.3765785462364324,0.0,train
0.05129329438755048,0,0.6950460533340437,0.0,train
0.3566749439387324,9,0.027914960679743677,1.0,train
0.05129329438755048,1,1.8583528611782512,1.0,train
0.10536051565782635,0,0.5890639593391087,0.0,train
0.3566749439387324,0,0.5311932859143653,0.0,train
0.22314355131420976,0,4.387858780413468,0.0,train
0.3566749439387324,0,0.40163601871261956,0.0,train
0.22314355131420976,0,3.1533791970456244,0.0,train
0.05129329438755048,0,2.3861126787366276,0.0,train
0.10536051565782635,1,0.6388607292556542,1.0,train
0.5108256237659907,2,1.1855505815237501,1.0,train
0.5108256237659907,10,0.0815923953879992,1.0,train
0.5108256237659907,1,0.08580627508114512,1.0,train
0.05129329438755048,0,3.6286245787971363,0.0,train
0.3566749439387324,0,3.9359430331433516,0.0,train
0.5108256237659907,0,4.763510135124294,0.0,train
0.22314355131420976,0,3.7653133369924623,0.0,train
0.3566749439387324,1,2.8662191379952353,1.0,train
0.3566749439387324,3,0.3670948037513888,1.0,train
0.10536051565782635,0,2.279507531334314,0.0,train
0.05129329438755048,0,2.24909723000572,0.0,train
0.3566749439387324,0,5.647698280170286,0.0,train
0.10536051565782635,0,1.5102056163809625,0.0,train
0.22314355131420976,0,4.977759770945166,0.0,train
0.5108256237659907,0,1.2145019419773517,0.0,train
0.5108256237659907,2,0.8342187562338488,1.0,train
0.5108256237659907,0,0.5335212937637301,0.0,train
0.3566749439387324,0,5.458078040096336,0.0,train
0.5108256237659907,1,1.5855548529072123,1.0,train
0.3566749439387324,2,0.3373377671453648,1.0,train
0.22314355131420976,0,5.557239520965236,0.0,train
0.10536051565782635,0,4.534266250433266,0.0,train
0.10536051565782635,0,2.7534943160839447,0.0,train
0.22314355131420976,6,0.21109385323911595,1.0,train
0.05129329438755048,0,5.162212936184163,0.0,train
0.22314355131420976,0,5.110939173361611,0.0,train
0.3566749439387324,0,5.638654871531888,0.0,train
0.05129329438755048,0,3.497483580825243,0.0,train
0.5108256237659907,4,0.15587850349944543,1.0,train
0.22314355131420976,2,0.35740603269413007,1.0,train
0.3566749439387324,0,0.6194795566182043,0.0,train
0.3566749439387324,1,0.32479174697849444,1.0,train
0.3566749439387324,0,4.635709092806314,0.0,train
0.10536051565782635,0,2.9167678073961696,0.0,train
0.05129329438755048,0,1.218075227685841,0.0,train
0.5108256237659907,6,0.13950773006770772,1.0,train
0.22314355131420976,0,2.4032050987395723,0.0,train
0.3566749439387324,0,1.9033829274119756,0.0,train
0.5108256237659907,0,4.354378463968452,0.0,train
0.3566749439387324,0,3.996879645370108,0.0,train
0.3566749439387324,0,1.7973702703891854,0.0,train
0.22314355131420976,0,4.408770731102891,0.0,train
0.3566749439387324,2,0.16824685096685368,1.0,train
0.10536051565782635,0,5.780394343437004,0.0,train
0.05129329438755048,0,1.7392478208411273,0.0,train
0.10536051565782635,0,3.8484913000347536,0.0,train
0.22314355131420976,1,0.9437048915944458,1.0,train
0.22314355131420976,0,3.108743512080615,0.0,train
0.22314355131420976,0,2.580780789982792,0.0,train
0.3566749439387324,0,2.036529734057916,0.0,train
0.05129329438755048,0,1.5549563027362299,0.0,train
0.22314355131420976,1,0.02459108491835299,1.0,train
0.5108256237659907,0,0.9935689019186198,0.0,train
0.10536051565782635,0,4.873153407352136,0.0,train
0.3566749439387324,0,1.6989414572675976,0.0,train
0.3566749439387324,1,1.7124082752866863,1.0,train
0.05129329438755048,0,4.837832191518852,0.0,train
0.3566749439387324,0,5.369093762510222,0.0,train
0.3566749439387324,0,2.660312015298409,0.0,train
0.10536051565782635,0,3.6963587949908874,0.0,train
0.5108256237659907,1,0.458845844598695,1.0,train
0.10536051565782635,0,4.415101177740265,0.0,train
0.10536051565782635,0,3.330285974925199,0.0,train
0.05129329438755048,0,1.5509788626082042,0.0,train
0.10536051565782635,0,3.070768622676498,0.0,train
0.3566749439387324,1,0.378729226069662,0.0,train
0.10536051565782635,0,1.0908823764584576,0.0,train
0.10536051565782635,0,2.5288676848755003,0.0,train
0.22314355131420976,0,5.997166395317388,0.0,train
0.3566749439387324,0,1.2588274446875225,0.0,train
0.5108256237659907,0,1.886219209162297,0.0,train
0.05129329438755048,0,0.2682460801196771,0.0,train
0.10536051565782635,0,0.8992318111324145,0.0,train
0.5108256237659907,0,0.30139311119730716,0.0,train
0.05129329438755048,0,3.3782394170657692,0.0,train
0.05129329438755048,0,0.7461629440177437,0.0,train
0.5108256237659907,0,0.243605638908871,0.0,train
0.3566749439387324,0,2.402234820802041,0.0,train
0.10536051565782635,0,2.3511880147918793,0.0,train
0.05129329438755048,0,0.4254138047668228,0.0,train
0.3566749439387324,0,3.7699320946000294,0.0,train
0.22314355131420976,1,2.748724349425224,1.0,train
0.10536051565782635,0,2.4925503953242423,0.0,train
0.3566749439387324,0,2.220931834095534,0.0,train
0.3566749439387324,1,1.0227127833505938,1.0,train
0.3566749439387324,0,0.17409990773087713,0.0,train
0.05129329438755048,0,5.334390756366224,0.0,train
0.5108256237659907,5,0.06989167861368693,1.0,train
0.5108256237659907,0,5.658959591830179,0.0,train
0.5108256237659907,1,0.5310689732919838,1.0,train
0.22314355131420976,0,2.7420254385875484,0.0,train
0.3566749439387324,0,5.447314743081433,0.0,train
0.05129329438755048,0,5.6345155074569195,0.0,train
0.22314355131420976,0,3.8644566488891066,0.0,train
0.3566749439387324,2,0.1769165703116801,1.0,train
0.05129329438755048,0,3.1665973298422387,0.0,train
0.10536051565782635,0,3.114503366391622,0.0,train
0.22314355131420976,0,1.3859520948618382,0.0,train
0.5108256237659907,0,1.0769552394603672,0.0,train
0.3566749439387324,0,0.7452172989892836,0.0,train
0.22314355131420976,0,1.086949205328013,0.0,train
0.3566749439387324,0,1.5167446712811816,0.0,train
0.10536051565782635,0,2.255863176411066,0.0,train
0.22314355131420976,0,2.8796889627474167,0.0,train
0.10536051565782635,0,2.140126184058901,0.0,train
0.5108256237659907,0,5.616351952365189,0.0,train
0.05129329438755048,0,1.7408121507653747,0.0,train
0.22314355131420976,0,0.29858726669460367,0.0,train
0.5108256237659907,3,0.3532923987706843,1.0,train
0.3566749439387324,2,0.8781619161712536,1.0,train
0.10536051565782635,0,3.155518383164141,0.0,train
0.22314355131420976,0,0.10088253571093664,0.0,train
0.3566749439387324,0,4.1432814294601705,0.0,train
0.3566749439387324,0,2.0600991115074927,0.0,train
0.3566749439387324,0,2.6822232871198355,0.0,train
0.3566749439387324,1,0.31107563032466135,0.0,train
0.5108256237659907,1,1.433387392764165,1.0,train
0.05129329438755048,0,5.149212563678683,0.0,train
0.3566749439387324,0,4.744503247538082,0.0,train
0.3566749439387324,0,5.121114561675286,0.0,train
0.10536051565782635,0,1.9629695860476737,0.0,train
0.5108256237659907,0,2.098805763843778,0.0,train
0.10536051565782635,0,4.12820762483816,0.0,train
0.05129329438755048,0,3.690226075807045,0.0,train
0.3566749439387324,0,2.4196560497406248,0.0,train
0.22314355131420976,0,0.6448816959572314,0.0,train
0.22314355131420976,0,2.28625087179297,0.0,train
0.05129329438755048,0,5.249855004449198,0.0,train
0.05129329438755048,0,5.492850824612291,0.0,train
0.3566749439387324,0,4.377927330524221,0.0,train
0.05129329438755048,0,2.187958443052084,0.0,train
0.10536051565782635,0,3.912074078191643,0.0,train
0.22314355131420976,0,1.533203952854606,0.0,train
0.10536051565782635,0,3.9612777901414153,0.0,train
0.22314355131420976,0,5.091657457355165,0.0,train
0.10536051565782635,0,5.592725951193829,0.0,train
0.05129329438755048,0,3.7480676164869706,0.0,train
0.5108256237659907,1,0.16158539057819743,1.0,train
0.5108256237659907,1,0.8568522500901287,1.0,train
0.10536051565782635,0,1.5671046294135438,0.0,train
0.05129329438755048,0,4.802678628131843,0.0,train
0.05129329438755048,0,3.3371185211352135,0.0,train
0.3566749439387324,2,0.19958686986694346,1.0,train
0.3566749439387324,1,0.3131375288994465,1.0,train
0.05129329438755048,0,5.479289302546424,0.0,train
0.10536051565782635,0,1.1910651980112865,0.0,train
0.10536051565782635,0,3.1389837998637926,0.0,train
0.05129329438755048,0,5.669368590339615,0.0,train
0.05129329438755048,0,3.669357839970444,0.0,train
0.05129329438755048,0,2.454419287063338,0.0,train
0.5108256237659907,5,0.10915618378770177,1.0,train
0.10536051565782635,0,3.503437241043697,0.0,train
0.5108256237659907,1,0.009583613760871008,1.0,train
0.3566749439387324,0,3.434300936208593,0.0,train
0.05129329438755048,0,0.17379594426487577,0.0,train
0.22314355131420976,0,0.22068038647560506,0.0,train
0.10536051565782635,0,3.5100053170155783,0.0,train
0.22314355131420976,0,0.33440254880774867,0.0,train
0.05129329438755048,1,0.6669237448389552,1.0,train
0.3566749439387324,0,1.0791547983076053,0.0,train
0.10536051565782635,0,5.537829325857281,0.0,train
0.5108256237659907,0,3.4545219463207495,0.0,train
0.05129329438755048,0,2.1600517170241647,0.0,train
0.10536051565782635,0,3.4830012318372856,0.0,train
0.10536051565782635,0,5.71116685195644,0.0,train
0.3566749439387324,0,0.35043556205871984,0.0,train
0.3566749439387324,1,1.4911211094694734,0.0,train
0.10536051565782635,0,1.9477393982143896,0.0,train
0.5108256237659907,1,0.616200967575526,1.0,train
0.05129329438755048,1,0.40672933315321563,1.0,train
0.10536051565782635,0,2.471394877579322,0.0,train
0.22314355131420976,0,2.5547254483576953,0.0,train
0.22314355131420976,0,4.818761258446409,0.0,train
0.3566749439387324,0,3.180191506760836,0.0,train
0.3566749439387324,0,5.019456576895874,0.0,train
0.10536051565782635,0,4.748213775596544,0.0,train
0.10536051565782635,0,2.701468532565549,0.0,train
0.22314355131420976,1,0.2911797480172486,1.0,train
0.05129329438755048,0,5.5783545762041715,0.0,train
0.10536051565782635,0,2.693729431382814,0.0,train
0.10536051565782635,0,5.082301116541338,0.0,train
0.3566749439387324,0,2.218227772831912,0.0,train
0.22314355131420976,3,0.20778756977900067,1.0,train
0.22314355131420976,0,2.3104735911564145,0.0,train
0.10536051565782635,0,3.4416260712865334,0.0,train
0.10536051565782635,1,1.1076930940632972,1.0,train
0.5108256237659907,1,0.6085637566741524,0.0,train
0.05129329438755048,0,1.65211869496573,0.0,train
0.3566749439387324,0,0.27941226512388906,0.0,train
0.22314355131420976,1,0.042178286464869034,1.0,train
0.05129329438755048,0,0.41692165620829136,0.0,train
0.5108256237659907,3,0.33851208700650604,1.0,train
0.3566749439387324,1,0.5450593588507235,1.0,train
0.05129329438755048,0,1.0143938947182987,0.0,train
0.10536051565782635,0,3.1168238131630126,0.0,train
0.3566749439387324,0,0.2937175237061078,0.0,train
0.3566749439387324,0,5.909986407849459,0.0,train
0.22314355131420976,1,0.9457600790122505,1.0,train
0.05129329438755048,0,1.4171772313237894,0.0,train
0.22314355131420976,0,4.110427630986099,0.0,train
0.5108256237659907,0,3.8631471495753176,0.0,train
0.05129329438755048,0,4.970539558275821,0.0,train
0.5108256237659907,0,0.3324004622413652,0.0,train
0.3566749439387324,2,0.0043382005632982435,1.0,train
0.22314355131420976,0,2.452682342507555,0.0,train
0.5108256237659907,1,0.04626225592836475,0.0,train
0.3566749439387324,0,3.2188501730992445,0.0,train
0.3566749439387324,2,0.871472477069079,1.0,train
0.3566749439387324,1,1.0569257594946482,0.0,train
0.3566749439387324,1,0.43358362658897814,1.0,train
0.10536051565782635,0,3.3967327210012854,0.0,train
0.5108256237659907,0,1.5053274834840513,0.0,train
0.3566749439387324,0,0.034928760597619624,0.0,train
0.22314355131420976,0,0.8257161153303798,0.0,train
0.22314355131420976,0,2.7677334365354493,0.0,train
0.10536051565782635,0,0.8199288843614503,0.0,train
0.10536051565782635,2,1.0097473407916138,1.0,train
0.05129329438755048,0,4.4629153104225,0.0,train
0.5108256237659907,0,4.850305044304443,0.0,train
0.05129329438755048,0,5.2991642266325725,0.0,train
0.10536051565782635,0,5.037376244070931,0.0,train
0.05129329438755048,0,5.5272457012928875,0.0,train
0.5108256237659907,0,5.616646105381354,0.0,train
0.5108256237659907,0,0.8131298332024395,0.0,train
0.5108256237659907,13,0.0004884297159526054,1.0,train
0.3566749439387324,0,2.31848377791983,0.0,train
0.3566749439387324,0,5.948408446253568,0.0,train
0.5108256237659907,1,0.06355351319630416,1.0,train
0.22314355131420976,0,0.046043770576437604,0.0,train
0.5108256237659907,0,0.14024678248773093,0.0,train
0.3566749439387324,1,0.6300112102338591,0.0,train
0.10536051565782635,0,0.15303971725782506,0.0,train
0.5108256237659907,0,0.5468316600716621,0.0,train
0.3566749439387324,0,2.66654638678599,0.0,train
0.10536051565782635,0,4.0482843489376545,0.0,train
0.5108256237659907,0,5.3047743278550294,0.0,train
0.22314355131420976,0,0.9182204678767223,0.0,train
0.05129329438755048,0,4.420096429325772,0.0,train
0.10536051565782635,0,1.048656256201838,0.0,train
0.3566749439387324,0,2.394388109601696,0.0,train
0.05129329438755048,0,5.763951557090697,0.0,train
0.05129329438755048,0,1.5800758405841986,0.0,train
0.05129329438755048,0,5.216576316898938,0.0,train
0.22314355131420976,0,3.7018512120749953,0.0,train
0.5108256237659907,0,3.0956900566267542,0.0,train
0.5108256237659907,0,4.489175238677393,0.0,train
0.05129329438755048,2,0.2707418862239813,1.0,train
0.10536051565782635,0,3.4469668080534914,0.0,train
0.5108256237659907,2,0.13560737765502728,0.0,train
0.05129329438755048,0,2.131240439840147,0.0,train
0.5108256237659907,0,1.938019851198157,0.0,train
0.5108256237659907,1,0.6761791260856764,0.0,train
0.10536051565782635,0,4.322025146562282,0.0,train
0.5108256237659907,0,4.8222528695692235,0.0,train
0.5108256237659907,2,0.12742442318437963,1.0,train
0.5108256237659907,4,0.2131844686013333,1.0,train
0.05129329438755048,0,3.428502285509264,0.0,train
0.05129329438755048,0,4.661989757373163,0.0,train
0.10536051565782635,0,5.384120584306361,0.0,train
0.3566749439387324,0,2.123421231134067,0.0,train
0.5108256237659907,0,3.038905857423563,0.0,train
0.5108256237659907,0,0.0674184009186054,0.0,train
0.5108256237659907,1,0.16332154067297902,1.0,train
0.5108256237659907,0,3.1891189639711,0.0,train
0.3566749439387324,1,1.3709697580092766,0.0,train
0.05129329438755048,0,1.7218352341841978,0.0,train
0.05129329438755048,0,4.946163140259417,0.0,train
0.22314355131420976,0,5.72625148402588,0.0,train
0.22314355131420976,0,1.5872828492203432,0.0,train
0.22314355131420976,0,5.846354062346686,0.0,train
0.22314355131420976,1,0.2522155061504396,1.0,train
0.22314355131420976,0,3.716730834350613,0.0,train
0.05129329438755048,1,1.4255543789712093,1.0,train
0.10536051565782635,1,2.5182218919656294,1.0,train
0.5108256237659907,0,3.284595767722024,0.0,train
0.05129329438755048,0,2.423855806166115,0.0,train
0.3566749439387324,0,2.3233582828363417,0.0,train
0.5108256237659907,8,0.06959053700654769,1.0,train
0.22314355131420976,1,1.1556875849568098,0.0,train
0.3566749439387324,0,5.371491048936502,0.0,train
0.22314355131420976,0,0.8105149127383122,0.0,train
0.5108256237659907,0,4.2318383106078015,0.0,train
0.22314355131420976,0,4.822865909453791,0.0,train
0.5108256237659907,0,0.677568054182959,0.0,train
0.22314355131420976,0,4.216814178068599,0.0,train
0.10536051565782635,0,3.3934278714780994,0.0,train
0.3566749439387324,0,2.1256562884831993,0.0,train
0.22314355131420976,0,2.127160911028959,0.0,train
0.22314355131420976,0,1.6383126162532076,0.0,train
0.05129329438755048,1,0.8474880205938117,1.0,train
0.05129329438755048,0,4.903395301900593,0.0,train
0.5108256237659907,0,3.034567417817636,0.0,train
0.5108256237659907,2,0.03859846935784435,1.0,train
0.10536051565782635,0,0.47335875235553315,0.0,train
0.3566749439387324,3,0.9951045652178381,1.0,train
0.22314355131420976,0,1.791165518169389,0.0,train
0.22314355131420976,0,5.429270234309454,0.0,train
0.05129329438755048,0,4.826105440016436,0.0,train
0.22314355131420976,0,5.804045642689151,0.0,train
0.05129329438755048,0,3.5673800545089662,0.0,train
0.3566749439387324,0,0.9708598430481372,0.0,train
0.05129329438755048,0,5.374046711261017,0.0,train
0.5108256237659907,0,3.1971997638005973,0.0,train
0.05129329438755048,0,4.968923991005889,0.0,train
0.22314355131420976,0,0.5106183311542416,0.0,train
0.22314355131420976,0,0.13825313080805923,0.0,train
0.5108256237659907,1,0.9896820886462763,1.0,train
0.5108256237659907,0,5.653083451793778,0.0,train
0.05129329438755048,0,5.069084943914383,0.0,train
0.5108256237659907,0,3.4555475371983926,0.0,train
0.05129329438755048,0,4.0131751524450605,0.0,train
0.22314355131420976,0,0.4874521978562929,0.0,train
0.22314355131420976,0,0.5534147719318934,0.0,train
0.05129329438755048,0,5.194078256364044,0.0,train
0.22314355131420976,0,5.483193097208682,0.0,train
0.5108256237659907,0,3.2862986628926336,0.0,train
0.22314355131420976,0,2.1232125718985504,0.0,train
0.05129329438755048,0,0.30917580906328546,0.0,train
0.22314355131420976,0,0.6156100175565271,0.0,train
0.3566749439387324,0,1.6520427853565842,0.0,train
0.05129329438755048,0,5.662359797345832,0.0,train
0.22314355131420976,0,5.896126140237125,0.0,train
0.22314355131420976,0,3.2097143060664566,0.0,train
0.5108256237659907,3,0.034363930956161,1.0,train
0.5108256237659907,0,4.2671679151734,0.0,train
0.10536051565782635,0,5.375078061887528,0.0,train
0.22314355131420976,0,4.85460761880547,0.0,train
0.10536051565782635,0,5.306252384691877,0.0,train
0.10536051565782635,0,2.3619009071085753,0.0,train
0.22314355131420976,0,1.6467115682355433,0.0,train
0.3566749439387324,0,5.194905150492556,0.0,train
0.5108256237659907,0,3.906380611150202,0.0,train
0.3566749439387324,0,2.3388824314862684,0.0,train
0.3566749439387324,0,2.984183479198142,0.0,train
0.5108256237659907,0,4.576218037206527,0.0,train
0.10536051565782635,1,0.4044749963696579,0.0,train
0.5108256237659907,2,0.03751958283528775,1.0,train
0.05129329438755048,0,0.2536496100380823,0.0,train
0.3566749439387324,1,0.007115011631924798,1.0,train
0.22314355131420976,0,5.675133582231075,0.0,train
0.3566749439387324,0,2.1137186555459513,0.0,train
0.10536051565782635,1,0.6729592263699481,1.0,train
0.3566749439387324,0,4.133787148734452,0.0,train
0.3566749439387324,2,0.19049690525349414,1.0,train
0.10536051565782635,0,4.1515832920665385,0.0,train
0.05129329438755048,0,5.084526572171057,0.0,train
0.3566749439387324,0,3.7505200485541152,0.0,train
0.5108256237659907,4,0.6729865467438945,1.0,train
0.3566749439387324,1,0.039864240173155784,1.0,train
0.5108256237659907,0,3.7873718374873033,0.0,train
0.3566749439387324,0,2.4784812370015072,0.0,train
0.5108256237659907,2,0.11269046781886255,1.0,train
0.3566749439387324,0,0.1326788717618983,0.0,train
0.5108256237659907,0,5.66961756716128,0.0,train
0.3566749439387324,0,4.753220863293814,0.0,train
0.22314355131420976,0,1.0060093272726913,0.0,train
0.5108256237659907,0,0.6832448354033647,0.0,train
0.5108256237659907,0,3.5387415998403298,0.0,train
0.05129329438755048,0,4.408812765722328,0.0,train
0.22314355131420976,1,2.2210652635143875,1.0,train
0.10536051565782635,0,3.9845868362597248,0.0,train
0.5108256237659907,0,4.692816890567121,0.0,train
0.5108256237659907,0,3.772662511307459,0.0,train
0.3566749439387324,1,1.0919086428391964,1.0,train
0.5108256237659907,1,0.3876953021016123,0.0,train
0.22314355131420976,0,3.3540852072128553,0.0,train
0.10536051565782635,0,0.8353984394409473,0.0,train
0.3566749439387324,0,1.9185551632249978,0.0,train
0.5108256237659907,4,0.21327355705098172,1.0,train
0.5108256237659907,0,2.5900791741917093,0.0,train
0.3566749439387324,0,1.3127838952133504,0.0,train
0.22314355131420976,0,5.052470890120762,0.0,train
0.22314355131420976,1,0.23932632830719933,1.0,train
0.10536051565782635,0,4.721078891700879,0.0,train
0.5108256237659907,12,0.14984671308134503,1.0,train
0.10536051565782635,0,5.719134874879494,0.0,train
0.5108256237659907,0,5.933754085680346,0.0,train
0.05129329438755048,0,3.860309792481061,0.0,train
0.22314355131420976,0,2.6216861635352777,0.0,train
0.22314355131420976,1,0.707975473958778,1.0,train
0.22314355131420976,0,2.8216777926881615,0.0,train
0.22314355131420976,0,0.27595558307269474,0.0,train
0.22314355131420976,0,0.1010653393505776,0.0,train
0.3566749439387324,0,2.1656138949923545,0.0,train
0.10536051565782635,1,0.6979698129435465,0.0,train
0.5108256237659907,2,0.1001534529341231,1.0,train
0.05129329438755048,0,4.368657076376326,0.0,train
0.3566749439387324,1,0.596965310677521,0.0,train
0.05129329438755048,0,5.5392100162891325,0.0,train
0.05129329438755048,0,4.467247762052047,0.0,train
0.05129329438755048,0,1.045484740661544,0.0,train
0.3566749439387324,1,0.5090820931623603,1.0,train
0.10536051565782635,0,0.8313308714058314,0.0,train
0.5108256237659907,1,0.299567733105484,0.0,train
0.22314355131420976,0,2.8022632192338914,0.0,train
0.5108256237659907,0,4.609189002517933,0.0,train
0.22314355131420976,0,2.428157043158968,0.0,train
0.05129329438755048,0,1.377690567250027,0.0,train
0.05129329438755048,0,2.57048895100087,0.0,train
0.22314355131420976,0,5.988695290566762,0.0,train
0.22314355131420976,0,3.8842579738970695,0.0,train
0.05129329438755048,1,0.024049882434630847,1.0,train
0.05129329438755048,0,2.3583278818911655,0.0,train
0.05129329438755048,0,1.0938491052385915,0.0,train
0.5108256237659907,0,0.3778878059609858,0.0,train
0.5108256237659907,1,0.16642042198641693,0.0,train
0.05129329438755048,0,1.5198553793511613,0.0,train
0.5108256237659907,2,0.8691598539404322,1.0,train
0.3566749439387324,0,5.263946602746656,0.0,train
0.05129329438755048,2,0.2919662908452969,0.0,train
0.10536051565782635,0,5.6834430025898754,0.0,train
0.05129329438755048,0,3.8556366971721614,0.0,train
0.05129329438755048,0,2.0059174132906357,0.0,train
0.5108256237659907,0,3.721885548290876,0.0,train
0.3566749439387324,0,5.13683167925547,0.0,train
0.3566749439387324,0,0.6166614509653023,0.0,train
0.05129329438755048,0,4.15513267906708,0.0,train
0.22314355131420976,1,0.03748258024758325,1.0,train
0.05129329438755048,0,0.8233658978187124,0.0,train
0.05129329438755048,0,1.1866585523455626,0.0,train
0.22314355131420976,0,5.8854179961985045,0.0,train
0.22314355131420976,0,3.6526178620221827,0.0,train
0.5108256237659907,0,5.8391893317127606,0.0,train
0.10536051565782635,0,2.619283863431537,0.0,train
0.3566749439387324,0,4.945308781244605,0.0,train
0.05129329438755048,1,1.3038814891561636,1.0,train
0.3566749439387324,1,1.0943020573085835,0.0,train
0.22314355131420976,1,0.19106368780756744,1.0,train
0.10536051565782635,0,5.530578296047823,0.0,train
0.5108256237659907,0,4.147505469488072,0.0,train
0.3566749439387324,0,2.6179394444137642,0.0,train
0.22314355131420976,0,3.0751531517794133,0.0,train
0.22314355131420976,0,0.3402287104724093,0.0,train
0.10536051565782635,1,1.02036729280131,1.0,train
0.5108256237659907,0,1.0686404621427605,0.0,train
0.5108256237659907,0,4.59211051858713,0.0,train
0.05129329438755048,0,4.627379105001573,0.0,train
0.22314355131420976,0,0.02162913033913849,0.0,train
0.3566749439387324,0,4.505917013976747,0.0,train
0.5108256237659907,0,5.455763923719232,0.0,train
0.05129329438755048,0,0.5835030819670053,0.0,train
0.5108256237659907,0,4.507440705714175,0.0,train
0.3566749439387324,0,0.6574110239341231,0.0,train
0.22314355131420976,1,0.8738688953253644,1.0,train
0.5108256237659907,0,0.3292411215610207,0.0,train
0.10536051565782635,0,4.688762363137551,0.0,train
0.5108256237659907,1,0.5151469587225184,1.0,train
0.5108256237659907,0,3.7946926275030757,0.0,train
0.3566749439387324,0,5.727582046575783,0.0,train
0.22314355131420976,0,4.388006214254248,0.0,train
0.3566749439387324,3,0.17384593584988964,1.0,train
0.10536051565782635,0,4.371140188645384,0.0,train
0.3566749439387324,0,4.844001471506437,0.0,train
0.22314355131420976,1,0.05214888434536007,1.0,train
0.3566749439387324,0,1.5300499099295566,0.0,train
0.05129329438755048,0,4.5817149902591074,0.0,train
0.5108256237659907,0,4.477905403891343,0.0,train
0.3566749439387324,0,0.9405956447544155,0.0,train
0.22314355131420976,1,0.3849025242517713,1.0,train
0.22314355131420976,0,3.879267914552046,0.0,train
0.3566749439387324,0,1.6711343664123404,0.0,train
0.5108256237659907,0,2.0841695533217814,0.0,train
0.05129329438755048,0,4.810330875520969,0.0,train
0.05129329438755048,0,0.17615984538631047,0.0,train
0.3566749439387324,1,1.2929587316497053,1.0,train
0.22314355131420976,0,2.203875496285833,0.0,train
0.22314355131420976,0,5.238972324255014,0.0,train
0.22314355131420976,0,1.9636514880359637,0.0,train
0.22314355131420976,0,4.3299533301336535,0.0,train
0.05129329438755048,0,1.7992339958206816,0.0,train
0.5108256237659907,0,1.5109360282346878,0.0,train
0.3566749439387324,1,0.054528621039533376,1.0,train
0.5108256237659907,5,0.08169948622629386,1.0,train
0.22314355131420976,0,4.987218424991707,0.0,train
0.22314355131420976,0,2.1976427077939658,0.0,train
0.3566749439387324,2,0.2828943015199275,1.0,train
0.10536051565782635,0,1.601466231247262,0.0,train
0.10536051565782635,1,0.49435326834920157,1.0,train
0.05129329438755048,0,0.827743024788125,0.0,train
0.3566749439387324,2,0.08351668640831256,0.0,train
0.5108256237659907,2,0.6802597969846664,1.0,train
0.05129329438755048,0,4.9038751813274875,0.0,train
0.22314355131420976,1,1.1514106674408118,1.0,train
0.05129329438755048,0,3.090487320391232,0.0,train
0.5108256237659907,5,0.0605269237057536,1.0,train
0.22314355131420976,1,0.327526181403207,1.0,train
0.05129329438755048,0,4.380089330645754,0.0,train
0.05129329438755048,0,4.563668514858666,0.0,train
0.5108256237659907,4,0.10705486251089316,1.0,train
0.3566749439387324,0,5.6809895178017555,0.0,train
0.3566749439387324,0,2.8741999716973297,0.0,train
0.5108256237659907,0,0.46521836692230445,0.0,train
0.3566749439387324,1,0.13320811277705613,0.0,train
0.05129329438755048,0,3.9790829568312165,0.0,train
0.10536051565782635,0,0.4439201273208877,0.0,train
0.3566749439387324,0,5.618867488157017,0.0,train
0.3566749439387324,0,1.9501555527442138,0.0,train
0.05129329438755048,0,5.452923061214287,0.0,train
0.22314355131420976,0,2.3737509213928165,0.0,train
0.22314355131420976,0,0.650543590195249,0.0,train
0.10536051565782635,0,0.8644020826105328,0.0,train
0.10536051565782635,0,3.5563910550674684,0.0,train
0.05129329438755048,0,1.2344031976617333,0.0,train
0.10536051565782635,0,5.851970645539239,0.0,train
0.3566749439387324,0,4.175205833847081,0.0,train
0.3566749439387324,0,5.000828818461925,0.0,train
0.05129329438755048,0,5.184359624776093,0.0,train
0.05129329438755048,0,3.1290852331204033,0.0,train
0.22314355131420976,1,0.5443909585961243,1.0,train
0.5108256237659907,3,0.03758692011646562,1.0,train
0.05129329438755048,0,2.409618439392586,0.0,train
0.3566749439387324,0,1.244435542220491,0.0,train
0.22314355131420976,1,0.549591969195863,1.0,train
0.05129329438755048,0,4.955134784320604,0.0,train
0.10536051565782635,0,5.97134620635305,0.0,train
0.10536051565782635,0,2.012523645450378,0.0,train
0.22314355131420976,0,2.3654515612542,0.0,train
0.10536051565782635,0,5.310560768618634,0.0,train
0.22314355131420976,0,5.807078304694144,0.0,train
0.22314355131420976,0,1.9415153732177062,0.0,train
0.22314355131420976,0,0.04569142627111278,0.0,train
0.05129329438755048,0,0.2971631862593074,0.0,train
0.22314355131420976,0,1.0933171528360364,0.0,train
0.3566749439387324,0,3.905403689021612,0.0,train
0.5108256237659907,0,2.048374554718711,0.0,train
0.3566749439387324,1,0.7372318447885801,1.0,train
0.10536051565782635,0,1.2840376073233732,0.0,train
0.22314355131420976,0,1.0013716711381653,0.0,train
0.3566749439387324,0,3.955120259007324,0.0,train
0.22314355131420976,1,0.3287241580105555,1.0,train
0.3566749439387324,3,0.08143522267731651,1.0,train
0.3566749439387324,3,0.42056451184050125,1.0,train
0.3566749439387324,0,1.828746789391571,0.0,train
0.5108256237659907,0,5.053581250403162,0.0,train
0.05129329438755048,0,4.802837541442086,0.0,train
0.10536051565782635,0,4.222536458205122,0.0,train
0.22314355131420976,0,4.967187738268465,0.0,train
0.22314355131420976,0,3.3684453497013953,0.0,train
0.5108256237659907,9,0.08245352722663694,1.0,train
0.3566749439387324,0,4.355026563553521,0.0,train
0.05129329438755048,0,1.05293824429778,0.0,train
0.10536051565782635,0,1.8938186641989663,0.0,train
0.05129329438755048,0,2.761736231544894,0.0,train
0.5108256237659907,6,0.017243402201622474,1.0,train
0.05129329438755048,0,4.3957546256127875,0.0,train
0.5108256237659907,2,0.0780136295646816,1.0,train
0.05129329438755048,0,4.72667159484056,0.0,train
0.22314355131420976,0,3.3413741834693553,0.0,train
0.05129329438755048,0,3.4128683399617232,0.0,train
0.5108256237659907,1,0.4009486829956742,1.0,train
0.10536051565782635,0,5.210366246701255,0.0,train
0.3566749439387324,1,0.14275300116113307,1.0,train
0.05129329438755048,0,0.298877735718897,0.0,train
0.5108256237659907,1,0.02739349787932288,1.0,train
0.10536051565782635,0,1.958647559837166,0.0,train
0.22314355131420976,1,0.011540362865373065,1.0,train
0.05129329438755048,0,0.7524933517368164,0.0,train
0.22314355131420976,0,3.107345632991829,0.0,train
0.5108256237659907,0,2.33297308220385,0.0,train
0.3566749439387324,0,4.697288293791561,0.0,train
0.3566749439387324,0,1.8250509269851491,0.0,train
0.3566749439387324,3,0.05189464703088657,1.0,train
0.5108256237659907,0,2.9708665361990594,0.0,train
0.3566749439387324,0,1.1292924520639447,0.0,train
0.22314355131420976,0,5.11706093112854,0.0,train
0.22314355131420976,0,4.496083795533801,0.0,train
0.10536051565782635,0,5.319502017381033,0.0,train
0.05129329438755048,0,4.01287089968661,0.0,train
0.10536051565782635,0,2.150874444733627,0.0,train
0.10536051565782635,0,5.5864443192457305,0.0,train
0.22314355131420976,0,0.5452799699064375,0.0,train
0.05129329438755048,1,1.6667276603355532,1.0,train
0.3566749439387324,0,2.8645853610442193,0.0,train
0.05129329438755048,0,4.825129595276522,0.0,train
0.22314355131420976,0,2.7294843229650585,0.0,train
0.05129329438755048,0,0.7852308687672171,0.0,train
0.10536051565782635,0,2.0242207964112233,0.0,train
0.10536051565782635,0,0.6590836333033241,0.0,train
0.05129329438755048,0,3.555334711417056,0.0,train
0.22314355131420976,0,0.5445215509942791,0.0,train
0.3566749439387324,0,5.6695581882896,0.0,train
0.05129329438755048,0,5.1759228444211445,0.0,train
0.22314355131420976,0,0.4599346589602371,0.0,train
0.05129329438755048,0,5.802018352685755,0.0,train
0.3566749439387324,0,0.49363467835875285,0.0,train
0.22314355131420976,0,2.8258240143411903,0.0,train
0.10536051565782635,0,5.120290487377314,0.0,train
0.10536051565782635,0,1.2880082998906115,0.0,train
0.5108256237659907,1,0.326420604385937,1.0,train
0.3566749439387324,0,1.091014170856109,0.0,train
0.22314355131420976,0,5.2612869671841,0.0,train
0.5108256237659907,6,0.1479702812681865,1.0,train
0.10536051565782635,0,5.40759434839562,0.0,train
0.22314355131420976,0,2.928343827642987,0.0,train
0.22314355131420976,0,4.814771955395284,0.0,train
0.05129329438755048,0,2.115991036738329,0.0,train
0.22314355131420976,0,0.6050505084430933,0.0,train
0.10536051565782635,0,5.914275889898418,0.0,train
0.05129329438755048,0,4.363609090266065,0.0,train
0.5108256237659907,0,2.6038526295081983,0.0,train
0.3566749439387324,0,4.789131421069387,0.0,train
0.05129329438755048,0,1.4223348614697868,0.0,train
0.5108256237659907,0,3.3821660873430353,0.0,train
0.3566749439387324,0,0.5887708458081697,0.0,train
0.05129329438755048,0,1.3702225326895152,0.0,train
0.05129329438755048,0,0.6091599984111089,0.0,train
0.10536051565782635,0,3.181107483491636,0.0,train
0.3566749439387324,0,3.090871456805756,0.0,train
0.10536051565782635,0,3.5856306231214847,0.0,train
0.10536051565782635,0,2.7592485136713227,0.0,train
0.22314355131420976,0,0.8625307061276135,0.0,train
0.5108256237659907,3,0.2321699193792651,1.0,train
0.3566749439387324,0,0.3923413993412612,0.0,train
0.5108256237659907,1,0.487252652516339,1.0,train
0.22314355131420976,0,2.4067307332412806,0.0,train
0.22314355131420976,0,2.6506807381823743,0.0,train
0.3566749439387324,0,1.6768920432350216,0.0,train
0.22314355131420976,0,2.8823899012840606,0.0,train
0.5108256237659907,2,0.8462456694881556,1.0,train
0.22314355131420976,0,5.656609892140388,0.0,train
0.3566749439387324,0,5.65410557742233,0.0,train
0.5108256237659907,0,2.3442154785128855,0.0,train
0.3566749439387324,0,1.2687921851497146,0.0,train
0.22314355131420976,0,2.0467817298174724,0.0,train
0.5108256237659907,0,5.503932912499419,0.0,train
0.3566749439387324,1,0.3000953412884958,1.0,train
0.10536051565782635,0,4.956304094880209,0.0,train
0.22314355131420976,0,3.800292764503175,0.0,train
0.22314355131420976,0,0.0797436610764648,0.0,train
0.5108256237659907,1,2.7980761353684516,0.0,train
0.3566749439387324,0,4.578531485902482,0.0,train
0.5108256237659907,4,0.27487101522820107,1.0,train
0.05129329438755048,0,1.5674307823545113,0.0,train
0.22314355131420976,0,0.5319501154068285,0.0,train
0.5108256237659907,1,0.342621637165341,0.0,train
0.3566749439387324,0,0.26962096250341006,0.0,train
0.5108256237659907,0,3.4719314290119367,0.0,train
0.05129329438755048,1,0.8506892755573896,0.0,train
0.3566749439387324,0,0.937038349217016,0.0,train
0.05129329438755048,0,3.538841075498567,0.0,train
0.3566749439387324,0,1.7893959297943762,0.0,train
0.22314355131420976,2,0.009958411039951437,1.0,train
0.3566749439387324,1,1.5809228869148837,1.0,train
0.3566749439387324,1,0.6516555996542669,1.0,train
0.3566749439387324,3,0.26200419203294123,0.0,train
0.5108256237659907,0,1.0840703483970962,0.0,train
0.05129329438755048,0,1.411105774830068,0.0,train
0.10536051565782635,0,3.3161027163103522,0.0,train
0.22314355131420976,0,3.629273505369599,0.0,train
0.10536051565782635,0,1.1489084722320433,0.0,train
0.10536051565782635,0,2.9888526435259757,0.0,train
0.3566749439387324,0,3.4241829489011852,0.0,train
0.05129329438755048,0,5.454150877126522,0.0,train
0.5108256237659907,0,1.038802088606061,0.0,train
0.10536051565782635,0,2.1236619913153465,0.0,train
0.10536051565782635,0,4.699097064596986,0.0,train
0.10536051565782635,0,5.323968851112105,0.0,train
0.10536051565782635,0,0.27634032429862576,0.0,train
0.5108256237659907,0,2.0909400500466058,0.0,train
0.05129329438755048,0,3.32715140393482,0.0,train
0.5108256237659907,0,5.411959925660003,0.0,train
0.10536051565782635,0,4.939162723581388,0.0,train
0.3566749439387324,0,0.5715911239680762,0.0,train
0.3566749439387324,0,1.278302364966238,0.0,train
0.22314355131420976,0,1.27123701827914,0.0,train
0.3566749439387324,0,2.695867295744417,0.0,train
0.05129329438755048,0,4.341128164577152,0.0,train
0.22314355131420976,1,2.4939153864890287,1.0,train
0.10536051565782635,0,3.5169024152655073,0.0,train
0.3566749439387324,0,3.1986995388370683,0.0,train
0.10536051565782635,0,3.4352863656440418,0.0,train
0.22314355131420976,0,5.640635023460998,0.0,train
0.10536051565782635,0,5.2850714023408685,0.0,train
0.05129329438755048,0,2.768195613179574,0.0,train
0.05129329438755048,0,2.1104273550532078,0.0,train
0.5108256237659907,1,0.18384462746978103,1.0,train
0.5108256237659907,1,1.1845355505091815,1.0,train
0.10536051565782635,0,3.1177393831122804,0.0,train
0.10536051565782635,0,3.9009585524661565,0.0,train
0.22314355131420976,0,5.951377358034758,0.0,train
0.3566749439387324,0,4.725249404723693,0.0,train
0.5108256237659907,0,2.8975330545494407,0.0,train
0.10536051565782635,0,2.9271007334085133,0.0,train
0.5108256237659907,0,2.392863618713191,0.0,train
0.22314355131420976,0,5.683672702702302,0.0,train
0.05129329438755048,0,1.719869163191142,0.0,train
0.22314355131420976,0,2.9383093520549672,0.0,train
0.22314355131420976,6,0.7461653224143505,1.0,train
0.22314355131420976,0,4.138471678122712,0.0,train
0.22314355131420976,0,5.633689915215505,0.0,train
0.05129329438755048,0,2.7501777051709597,0.0,train
0.3566749439387324,0,1.6571137082556067,0.0,train
0.10536051565782635,0,1.8069637628488477,0.0,train
0.22314355131420976,0,5.883469841566889,0.0,train
0.05129329438755048,0,0.8970981081008338,0.0,train
0.10536051565782635,0,0.1601533718814574,0.0,train
0.3566749439387324,0,0.03169922161486882,0.0,train
0.22314355131420976,0,0.8695655889245997,0.0,train
0.10536051565782635,0,0.9780037228850098,0.0,train
0.5108256237659907,0,5.9963637873911,0.0,train
0.05129329438755048,0,3.715334895227415,0.0,train
0.05129329438755048,1,0.10558946022258829,1.0,train
0.10536051565782635,0,0.25850664480961605,0.0,train
0.5108256237659907,0,2.1650154424803145,0.0,train
0.3566749439387324,1,1.0656637310960029,1.0,train
0.22314355131420976,1,0.30146325453872574,1.0,train
0.22314355131420976,0,2.0441554637875834,0.0,train
0.05129329438755048,0,5.699679829253231,0.0,train
0.5108256237659907,0,0.05474440083731613,0.0,train
0.05129329438755048,0,0.9007210129573782,0.0,train
0.3566749439387324,0,2.83812281724669,0.0,train
0.10536051565782635,0,1.1097671766211108,0.0,train
0.10536051565782635,0,1.9441845162229945,0.0,train
0.22314355131420976,0,2.3762048970189236,0.0,train
0.10536051565782635,0,3.2453109504105218,0.0,train
0.22314355131420976,0,1.843735903958946,0.0,train
0.22314355131420976,0,1.8315333467420838,0.0,train
0.05129329438755048,0,2.18583503728654,0.0,train
0.05129329438755048,0,0.7905582113423493,0.0,train
0.10536051565782635,0,4.015569465951613,0.0,train
0.05129329438755048,0,2.2999915398920803,0.0,train
0.10536051565782635,0,3.814654035539272,0.0,train
0.10536051565782635,0,1.0894348953411692,0.0,train
0.5108256237659907,14,0.09899818040932311,1.0,train
0.05129329438755048,0,1.2272132475169188,0.0,train
0.10536051565782635,0,4.354500587800775,0.0,train
0.3566749439387324,4,0.24062259596516591,1.0,train
0.22314355131420976,0,4.01644693424996,0.0,train
0.3566749439387324,1,0.6207737832136418,1.0,train
0.5108256237659907,1,0.5649781393462093,1.0,train
0.5108256237659907,0,2.7656193933299233,0.0,train
0.3566749439387324,0,4.9608855911748035,0.0,train
0.10536051565782635,0,3.9444272334292463,0.0,train
0.05129329438755048,0,5.681896388538428,0.0,train
0.5108256237659907,0,0.5337290979841793,0.0,train
0.22314355131420976,0,3.871474139953623,0.0,train
0.3566749439387324,0,5.85979546640367,0.0,train
0.05129329438755048,0,1.3870395695723445,0.0,train
0.22314355131420976,0,4.209056213004153,0.0,train
0.10536051565782635,0,5.954957958728231,0.0,train
0.3566749439387324,1,0.09640520620197252,1.0,train
0.5108256237659907,0,3.244509526810937,0.0,train
0.5108256237659907,1,0.11871059210847792,1.0,train
0.05129329438755048,0,4.549861831638076,0.0,train
0.10536051565782635,1,0.13454293731818626,1.0,train
0.05129329438755048,0,5.726724085890697,0.0,train
0.22314355131420976,0,0.2854877223126997,0.0,train
0.22314355131420976,0,4.9817433004096525,0.0,train
0.10536051565782635,1,2.4074784269589014,1.0,train
0.3566749439387324,0,1.4024584060662062,0.0,train
0.22314355131420976,0,0.11804510905593357,0.0,train
0.22314355131420976,0,4.359785703387649,0.0,train
0.22314355131420976,0,3.6511828687277603,0.0,train
0.05129329438755048,1,0.4757375627828917,0.0,train
0.05129329438755048,0,1.6282581619223921,0.0,train
0.5108256237659907,1,2.2068830033391342,1.0,train
0.05129329438755048,0,5.055390371246037,0.0,train
0.05129329438755048,0,4.563771043528101,0.0,train
0.22314355131420976,0,4.273324109152628,0.0,train
0.05129329438755048,0,1.7755906889433513,0.0,train
0.5108256237659907,1,0.5090192945638387,1.0,train
0.22314355131420976,3,0.1371665513337362,1.0,train
0.22314355131420976,0,5.831556366297845,0.0,train
0.3566749439387324,0,4.611876300963581,0.0,train
0.3566749439387324,0,2.2380079099069317,0.0,train
0.3566749439387324,0,5.738055426689493,0.0,train
0.3566749439387324,0,0.626749925321282,0.0,train
0.05129329438755048,0,4.6264213900327125,0.0,train
0.05129329438755048,0,3.1663538572059227,0.0,train
0.5108256237659907,1,0.6788373140961015,1.0,train
0.5108256237659907,0,2.7858440862604814,0.0,train
0.5108256237659907,7,0.06031064675186348,1.0,train
0.3566749439387324,0,0.6283452051388796,0.0,train
0.5108256237659907,1,0.7665040538020382,0.0,train
0.05129329438755048,0,2.0457905434432604,0.0,train
0.5108256237659907,0,0.011615511897559827,0.0,train
0.10536051565782635,0,1.1082916054242247,0.0,train
0.5108256237659907,0,0.6864852189625443,0.0,train
0.22314355131420976,0,1.5623674488234176,0.0,train
0.10536051565782635,0,0.4185230204027639,0.0,train
0.5108256237659907,1,0.10733603663038274,1.0,train
0.5108256237659907,1,0.33821520024763196,1.0,train
0.3566749439387324,1,0.4779849009819188,1.0,train
0.3566749439387324,0,1.4195980754468414,0.0,train
0.3566749439387324,1,1.5344122824708153,0.0,train
0.22314355131420976,0,0.23637877739788893,0.0,train
0.10536051565782635,0,4.870107651950667,0.0,train
0.3566749439387324,0,3.994196249644676,0.0,train
0.5108256237659907,0,5.54758178354346,0.0,train
0.5108256237659907,2,0.2575956121505033,1.0,train
0.10536051565782635,0,5.205999015044712,0.0,train
0.22314355131420976,1,4.172396823785617,1.0,train
0.10536051565782635,1,0.13828108072355963,1.0,train
0.22314355131420976,0,3.8498326103037517,0.0,train
0.10536051565782635,0,1.52272729778504,0.0,train
0.5108256237659907,1,1.877906039272669,0.0,train
0.3566749439387324,2,0.2108145781656819,1.0,train
0.22314355131420976,2,1.1020333400740174,1.0,train
0.10536051565782635,0,2.41415572097048,0.0,train
0.10536051565782635,0,1.5425148840541478,0.0,train
0.05129329438755048,0,2.518490340314878,0.0,train
0.3566749439387324,0,1.5333058516653093,0.0,train
0.5108256237659907,0,5.782745952020642,0.0,train
0.10536051565782635,0,1.4302323295652946,0.0,train
0.10536051565782635,0,2.056924502968477,0.0,train
0.05129329438755048,0,2.3710114366967856,0.0,train
0.22314355131420976,0,3.7561720661195506,0.0,train
0.5108256237659907,4,0.39600014052881227,0.0,train
0.10536051565782635,0,2.2175862684266754,0.0,train
0.05129329438755048,0,3.541353505638752,0.0,train
0.05129329438755048,0,3.952029431172104,0.0,train
0.3566749439387324,0,5.1904285000170844,0.0,train
0.05129329438755048,0,0.1456004278219265,0.0,train
0.3566749439387324,0,5.928407451201721,0.0,train
0.22314355131420976,0,2.58038885164616,0.0,train
0.22314355131420976,0,2.7335672326336606,0.0,train
0.22314355131420976,0,3.669733642458925,0.0,train
0.22314355131420976,0,1.5400449883537952,0.0,train
0.10536051565782635,0,1.8777353350057604,0.0,train
0.05129329438755048,1,0.7218556030757456,1.0,train
0.5108256237659907,6,0.04206955787767963,1.0,train
0.22314355131420976,0,2.606053423080027,0.0,train
0.3566749439387324,0,5.9462663758309064,0.0,train
0.22314355131420976,1,1.3491032433806847,1.0,train
0.3566749439387324,0,0.21866993133653811,0.0,train
0.22314355131420976,0,5.995336399040567,0.0,train
0.3566749439387324,0,3.297323761909186,0.0,train
0.3566749439387324,0,4.400503369061506,0.0,train
0.5108256237659907,0,4.755671930677744,0.0,train
0.10536051565782635,0,4.698532104875992,0.0,train
0.3566749439387324,0,4.713054266390828,0.0,train
0.05129329438755048,0,5.596305245226864,0.0,train
0.5108256237659907,1,0.1378289504166994,0.0,train
0.5108256237659907,0,5.493621103441889,0.0,train
0.22314355131420976,0,2.4177172481294757,0.0,train
0.3566749439387324,0,0.7863596150609697,0.0,train
0.10536051565782635,0,0.5048267637817432,0.0,train
0.10536051565782635,0,1.6399530227812662,0.0,train
0.3566749439387324,1,0.7778066579673438,1.0,train
0.5108256237659907,3,0.05296004724580952,1.0,train
0.05129329438755048,0,3.565420827074216,0.0,train
0.10536051565782635,0,1.902393831977333,0.0,train
0.22314355131420976,2,0.27855928852508655,1.0,train
0.3566749439387324,0,0.9984776803611901,0.0,train
0.5108256237659907,0,4.426972684407466,0.0,train
0.05129329438755048,0,5.727546392695128,0.0,train
0.5108256237659907,0,4.25103634686305,0.0,train
0.5108256237659907,0,5.606704760454507,0.0,train
0.05129329438755048,1,4.152876440630364,1.0,train
0.10536051565782635,0,0.9160398745948137,0.0,train
0.22314355131420976,0,5.222442579376742,0.0,train
0.3566749439387324,0,0.05962781386857774,0.0,train
0.10536051565782635,0,2.5671415710018177,0.0,train
0.5108256237659907,1,0.11929839360660383,1.0,train
0.05129329438755048,0,3.726164376103359,0.0,train
0.5108256237659907,0,5.274541379760297,0.0,train
0.5108256237659907,1,0.3430950005782678,1.0,train
0.05129329438755048,0,1.4698285768244608,0.0,train
0.10536051565782635,0,0.16939042175660224,0.0,train
0.5108256237659907,0,0.7214423961033065,0.0,train
0.10536051565782635,0,1.0864105832727984,0.0,train
0.3566749439387324,2,1.2082360446227678,1.0,train
0.5108256237659907,0,2.7344431767967032,0.0,train
0.05129329438755048,0,3.065922421396328,0.0,train
0.05129329438755048,0,5.954980908784036,0.0,train
0.3566749439387324,1,0.5750951226983789,1.0,train
0.3566749439387324,0,3.0455736421764312,0.0,train
0.5108256237659907,0,1.701660460491573,0.0,train
0.5108256237659907,0,0.046693431709751154,0.0,train
0.05129329438755048,0,3.239852567415791,0.0,train
0.10536051565782635,0,0.5898005226753507,0.0,train
0.22314355131420976,0,5.28455265124108,0.0,train
0.5108256237659907,4,0.2946530650902,1.0,train
0.10536051565782635,0,5.8041185256800185,0.0,train
0.05129329438755048,0,2.030699193246774,0.0,train
0.10536051565782635,0,4.333099439359568,0.0,train
0.5108256237659907,0,4.916220864728943,0.0,train
0.22314355131420976,0,4.296184128501741,0.0,train
0.10536051565782635,0,4.832360948990968,0.0,train
0.3566749439387324,0,5.157853571892373,0.0,train
0.10536051565782635,1,1.0364746415358794,1.0,train
0.3566749439387324,0,3.515380441810579,0.0,train
0.10536051565782635,0,2.217394779328378,0.0,train
0.3566749439387324,0,3.4756227088249534,0.0,train
0.3566749439387324,4,0.07072209782852583,1.0,train
0.05129329438755048,0,1.989116920988264,0.0,train
0.3566749439387324,0,5.635023304545315,0.0,train
0.10536051565782635,0,4.156483287116133,0.0,train
0.22314355131420976,1,0.5543061124265087,1.0,train
0.3566749439387324,1,0.011360667561459365,1.0,train
0.3566749439387324,0,2.9332920998695555,0.0,train
0.5108256237659907,0,1.240734037055372,0.0,train
0.3566749439387324,0,3.77554617294133,0.0,train
0.05129329438755048,0,3.470860990385594,0.0,train
0.05129329438755048,0,1.4826542114744035,0.0,train
0.05129329438755048,0,0.7333158985540624,0.0,train
0.5108256237659907,0,2.69550640870773,0.0,train
0.22314355131420976,0,3.008017085202893,0.0,train
0.10536051565782635,0,3.2175867702341665,0.0,train
0.05129329438755048,0,5.199695578377423,0.0,train
0.05129329438755048,0,4.975507179524642,0.0,train
0.05129329438755048,0,0.2925740616610777,0.0,train
0.22314355131420976,0,0.41341612737438505,0.0,train
0.10536051565782635,0,3.366957812147813,0.0,train
0.3566749439387324,0,3.8876852802499533,0.0,train
0.10536051565782635,0,0.013527825899249946,0.0,train
0.3566749439387324,0,0.7365405920748189,0.0,train
0.5108256237659907,0,2.6563343263450183,0.0,train
0.5108256237659907,0,3.595710524206792,0.0,train
0.10536051565782635,0,0.833547139452808,0.0,train
0.22314355131420976,0,2.764432102157814,0.0,train
0.22314355131420976,0,0.7714505531723805,0.0,train
0.3566749439387324,0,3.2518918763960274,0.0,train
0.3566749439387324,0,1.3673982502625623,0.0,train
0.05129329438755048,0,1.0631470284968296,0.0,train
0.22314355131420976,0,1.682070440444452,0.0,train
0.05129329438755048,0,5.799742084237931,0.0,train
0.22314355131420976,0,2.424666951001277,0.0,train
0.5108256237659907,0,2.6704571845929226,0.0,train
0.5108256237659907,3,0.37701090672116494,1.0,train
0.3566749439387324,1,1.0500523943734654,1.0,train
0.10536051565782635,0,5.139786572668414,0.0,train
0.22314355131420976,0,5.215725534801258,0.0,train
0.5108256237659907,0,0.36833829841058363,0.0,train
0.3566749439387324,1,0.46609479346335947,1.0,train
0.05129329438755048,0,0.7630722810487656,0.0,train
0.5108256237659907,1,0.46757604514250173,1.0,train
0.5108256237659907,0,4.935562447972004,0.0,train
0.05129329438755048,0,2.6632509428487205,0.0,train
0.05129329438755048,0,1.785135564579101,0.0,train
0.05129329438755048,0,3.1784309501824466,0.0,train
0.05129329438755048,0,2.568052682434174,0.0,train
0.3566749439387324,0,5.282536945258617,0.0,train
0.22314355131420976,0,1.3072667217881278,0.0,train
0.3566749439387324,1,0.46435650215185703,1.0,train
0.10536051565782635,0,2.874417365017842,0.0,train
0.5108256237659907,0,3.8123597451566225,0.0,train
0.10536051565782635,0,5.811139284312205,0.0,train
0.10536051565782635,0,5.734863235256968,0.0,train
0.05129329438755048,0,5.6940108989877825,0.0,train
0.05129329438755048,0,0.375044225525623,0.0,train
0.05129329438755048,0,2.7897970240145895,0.0,train
0.05129329438755048,0,0.8953396118351333,0.0,train
0.05129329438755048,0,2.1665230763156935,0.0,train
0.05129329438755048,0,3.882688050835803,0.0,train
0.05129329438755048,0,1.7559285240670275,0.0,train
0.22314355131420976,0,5.156904304330908,0.0,train
0.22314355131420976,0,0.01928796372903996,0.0,train
0.05129329438755048,0,2.403975657373313,0.0,train
0.05129329438755048,0,3.4462707110733417,0.0,train
0.3566749439387324,1,2.790173060814057,1.0,train
0.3566749439387324,0,3.602215498731204,0.0,train
0.5108256237659907,0,2.017635975878418,0.0,train
0.22314355131420976,0,4.838989940772939,0.0,train
0.5108256237659907,0,2.0174244265338404,0.0,train
0.5108256237659907,0,0.6007809790902805,0.0,train
0.5108256237659907,0,5.758919642731822,0.0,train
0.3566749439387324,0,5.236791753694332,0.0,train
0.3566749439387324,0,2.755197246477074,0.0,train
0.22314355131420976,0,3.1115053936022488,0.0,train
0.22314355131420976,0,1.9958647040915793,0.0,train
0.22314355131420976,0,1.6069387172317402,0.0,train
0.05129329438755048,0,4.65167685565946,0.0,train
0.22314355131420976,0,0.09281140875042082,0.0,train
0.5108256237659907,2,1.0084522888018728,1.0,train
0.10536051565782635,0,0.42773916874835627,0.0,train
0.22314355131420976,0,5.792171441456389,0.0,train
0.05129329438755048,0,2.002532170878254,0.0,train
0.10536051565782635,0,3.627467828332063,0.0,train
0.5108256237659907,0,5.8349850004084,0.0,train
0.05129329438755048,0,2.9666656446132604,0.0,train
0.05129329438755048,0,0.108174092127171,0.0,train
0.22314355131420976,1,0.41927569411291843,1.0,train
0.10536051565782635,0,3.9400183502074952,0.0,train
0.5108256237659907,2,0.14904285081393875,1.0,train
0.22314355131420976,0,1.233072773932122,0.0,train
0.3566749439387324,0,3.073033960762394,0.0,train
0.5108256237659907,0,0.0033800378955741728,0.0,train
0.10536051565782635,0,5.4301491278076135,0.0,train
0.22314355131420976,0,2.4738403478071493,0.0,train
0.10536051565782635,0,1.6353851493012417,0.0,train
0.5108256237659907,0,4.7196033068213366,0.0,train
0.05129329438755048,0,4.640362656671215,0.0,train
0.22314355131420976,1,0.35375873351006315,0.0,train
0.05129329438755048,1,0.8387133929175506,1.0,train
0.5108256237659907,1,1.740203966725133,1.0,train
0.3566749439387324,0,1.3741062329364608,0.0,train
0.22314355131420976,1,0.20171419261594947,1.0,train
0.05129329438755048,0,5.828155752343559,0.0,train
0.22314355131420976,0,5.047695349688726,0.0,train
0.22314355131420976,0,2.5830678629684636,0.0,train
0.10536051565782635,0,5.897304156899166,0.0,train
0.05129329438755048,0,4.946545026287674,0.0,train
0.5108256237659907,0,2.799916557384356,0.0,train
0.3566749439387324,0,2.4401708988059365,0.0,train
0.05129329438755048,1,0.6416383731357742,0.0,train
0.22314355131420976,0,2.4884440334377356,0.0,train
0.5108256237659907,1,0.012986717957011264,1.0,train
0.10536051565782635,0,4.121983434733002,0.0,train
0.10536051565782635,0,5.076625781496839,0.0,train
0.10536051565782635,1,1.990525049228241,1.0,train
0.5108256237659907,0,5.182859413931683,0.0,train
0.22314355131420976,0,4.814513729243462,0.0,train
0.22314355131420976,0,1.9927973451295176,0.0,train
0.10536051565782635,0,1.954069748257746,0.0,train
0.22314355131420976,0,2.3791452292721034,0.0,train
0.5108256237659907,5,0.20267427843975402,1.0,train
0.5108256237659907,2,0.14264829142383292,1.0,train
0.05129329438755048,0,1.9735978707757442,0.0,train
0.10536051565782635,0,5.031898279675849,0.0,train
0.5108256237659907,0,5.480137847516611,0.0,train
0.5108256237659907,1,0.3471084451579476,1.0,train
0.05129329438755048,0,4.755072510630415,0.0,train
0.22314355131420976,1,2.7166417246711827,0.0,train
0.3566749439387324,0,5.071822658838947,0.0,train
0.5108256237659907,4,0.0719904653672307,1.0,train
0.5108256237659907,0,3.088874150926978,0.0,train
0.05129329438755048,0,4.888521444542365,0.0,train
0.05129329438755048,0,5.925524313817334,0.0,train
0.05129329438755048,0,1.4834531493630259,0.0,train
0.10536051565782635,1,1.8830780928875253,1.0,train
0.22314355131420976,1,2.006570607359573,1.0,train
0.05129329438755048,0,1.9931597622283517,0.0,train
0.10536051565782635,2,0.1308053404429701,0.0,train
0.22314355131420976,0,5.426227794165641,0.0,train
0.22314355131420976,0,4.224469408861713,0.0,train
0.05129329438755048,0,5.601126988848454,0.0,train
0.10536051565782635,0,4.131862913676469,0.0,train
0.05129329438755048,0,5.248994903529136,0.0,train
0.05129329438755048,0,1.238969969182424,0.0,train
0.05129329438755048,0,5.641741846989662,0.0,train
0.22314355131420976,0,0.7238729532050945,0.0,train
0.10536051565782635,0,0.5101553479601815,0.0,train
0.3566749439387324,0,4.480035405261354,0.0,train
0.05129329438755048,0,5.005436560559163,0.0,train
0.10536051565782635,0,0.6442858528667788,0.0,train
0.5108256237659907,1,0.6096279700105325,0.0,train
0.3566749439387324,0,3.812738206685384,0.0,train
0.10536051565782635,0,1.833781313380544,0.0,train
0.22314355131420976,0,1.9605837442759237,0.0,train
0.05129329438755048,0,0.7632219175343287,0.0,train
0.5108256237659907,1,0.9582317945244849,0.0,train
0.10536051565782635,0,5.853736952719408,0.0,train
0.10536051565782635,0,3.0696511785227676,0.0,train
0.5108256237659907,0,4.064874071576855,0.0,train
0.05129329438755048,0,2.68980728121631,0.0,train
0.3566749439387324,0,0.6602970112081306,0.0,train
0.10536051565782635,0,1.8364807740757043,0.0,train
0.22314355131420976,1,1.6880713286352989,1.0,train
0.05129329438755048,0,1.2026623597399786,0.0,train
0.05129329438755048,0,0.016687492137176685,0.0,train
0.22314355131420976,0,2.4442558652461894,0.0,train
0.22314355131420976,1,0.6061886543072501,1.0,train
0.22314355131420976,0,3.818771432636157,0.0,train
0.10536051565782635,0,1.0150612798985097,0.0,train
0.3566749439387324,0,5.895316444264708,0.0,train
0.5108256237659907,0,5.721208020440815,0.0,train
0.3566749439387324,1,2.0261401084818016,1.0,train
0.3566749439387324,0,4.713968823689442,0.0,train
0.10536051565782635,1,0.25961832275879493,0.0,train
0.10536051565782635,0,1.3222342692151452,0.0,train
0.22314355131420976,0,4.475499511641391,0.0,train
0.3566749439387324,0,1.510389089843829,0.0,train
0.3566749439387324,0,3.807095033849876,0.0,train
0.05129329438755048,0,5.81884774466096,0.0,train
0.10536051565782635,0,4.263002098531634,0.0,train
0.10536051565782635,0,2.630362610387656,0.0,train
0.05129329438755048,0,3.2685635716136954,0.0,train
0.10536051565782635,0,1.000862247805585,0.0,train
0.10536051565782635,0,3.1942361982833596,0.0,train
0.22314355131420976,0,5.177373509854385,0.0,train
0.3566749439387324,2,0.16804316833282376,1.0,train
0.05129329438755048,0,1.0431856685964078,0.0,train
0.05129329438755048,0,0.940939478572083,0.0,train
0.5108256237659907,0,3.357429624750031,0.0,train
0.05129329438755048,0,5.18114354565153,0.0,train
0.3566749439387324,0,2.3773186205956613,0.0,train
0.3566749439387324,0,5.361484988201684,0.0,train
0.3566749439387324,0,3.1827887632401035,0.0,train
0.10536051565782635,0,0.62353912563977,0.0,train
0.3566749439387324,0,4.916375131859538,0.0,train
0.22314355131420976,0,4.007807349104637,0.0,train
0.10536051565782635,0,1.2743774429676908,0.0,train
0.3566749439387324,2,0.9050129819815671,1.0,train
0.5108256237659907,0,3.8474483340209806,0.0,train
0.10536051565782635,0,4.732080772292152,0.0,train
0.22314355131420976,0,3.7471516629920854,0.0,train
0.10536051565782635,0,5.070691076497086,0.0,train
0.05129329438755048,0,1.7376277842561536,0.0,train
0.22314355131420976,1,1.3117598050541524,1.0,train
0.22314355131420976,0,0.03107502669920592,0.0,train
0.3566749439387324,0,0.8954121602227574,0.0,train
0.10536051565782635,0,4.119730741199369,0.0,train
0.3566749439387324,0,5.516742617091795,0.0,train
0.5108256237659907,0,1.0055141880014122,0.0,train
0.22314355131420976,0,5.462934767585693,0.0,train
0.22314355131420976,0,5.0227874654181885,0.0,train
0.22314355131420976,0,5.107894749318389,0.0,train
0.10536051565782635,0,5.163568202763017,0.0,train
0.3566749439387324,0,5.674450841592309,0.0,train
0.22314355131420976,0,4.944789923120496,0.0,train
0.22314355131420976,0,3.32331920802094,0.0,train
0.3566749439387324,1,1.873166716855512,1.0,train
0.5108256237659907,1,0.49125782941878304,1.0,train
0.10536051565782635,0,0.46088862259979924,0.0,train
0.3566749439387324,0,2.76447431805069,0.0,train
0.5108256237659907,0,2.3149947715952592,0.0,train
0.22314355131420976,0,1.8509752982232133,0.0,train
0.3566749439387324,0,4.279282760246907,0.0,train
0.3566749439387324,0,3.412899313763201,0.0,train
0.05129329438755048,0,5.259232264317104,0.0,train
0.3566749439387324,2,0.016670750247157504,1.0,train
0.3566749439387324,0,3.9181080065749523,0.0,train
0.5108256237659907,4,0.25675378195210957,1.0,train
0.3566749439387324,0,4.840635666544209,0.0,train
0.5108256237659907,0,2.682252268099033,0.0,train
0.22314355131420976,1,0.07839998488849854,1.0,train
0.05129329438755048,0,5.697789495835735,0.0,train
0.22314355131420976,0,0.015498159367892228,0.0,train
0.22314355131420976,0,1.0932129519701,0.0,train
0.3566749439387324,0,2.9964973164206556,0.0,train
0.05129329438755048,0,1.5678535693045241,0.0,train
0.10536051565782635,0,5.962420302473422,0.0,train
0.10536051565782635,0,1.0584986175084474,0.0,train
0.5108256237659907,0,2.0066704576537626,0.0,train
0.3566749439387324,0,2.4539010926078557,0.0,train
0.5108256237659907,0,4.917828217802395,0.0,train
0.05129329438755048,0,4.820169018622323,0.0,train
0.22314355131420976,1,0.6946943985284857,1.0,train
0.10536051565782635,0,1.1074033734496929,0.0,train
0.3566749439387324,0,5.150417162459226,0.0,train
0.10536051565782635,0,4.09857359213783,0.0,train
0.05129329438755048,0,4.947706248101786,0.0,train
0.3566749439387324,1,0.063725228902393,1.0,train
0.22314355131420976,0,5.390832758612038,0.0,train
0.05129329438755048,0,3.636389393431793,0.0,train
0.05129329438755048,0,5.337178659100181,0.0,train
0.5108256237659907,0,1.2319290159981244,0.0,train
0.10536051565782635,0,0.056017713488270005,0.0,train
0.3566749439387324,0,0.6627944708818363,0.0,train
0.10536051565782635,0,2.916479216443224,0.0,train
0.3566749439387324,0,3.828868786359196,0.0,train
0.05129329438755048,0,1.8535633548191772,0.0,train
0.05129329438755048,0,5.055656293391844,0.0,train
0.05129329438755048,0,4.092921517349002,0.0,train
0.22314355131420976,0,5.925594620002203,0.0,train
0.5108256237659907,7,0.04558127033526473,1.0,train
0.10536051565782635,0,5.049788566350545,0.0,train
0.3566749439387324,2,0.6922172533522137,1.0,train
0.10536051565782635,0,3.8419540182806484,0.0,train
0.3566749439387324,1,1.7232148505190685,1.0,train
0.5108256237659907,7,0.15147000551537565,1.0,train
0.05129329438755048,0,2.6620419362411503,0.0,train
0.5108256237659907,0,5.891614740639492,0.0,train
0.3566749439387324,2,0.13736719033626657,1.0,train
0.3566749439387324,1,0.11945768223727474,1.0,train
0.05129329438755048,0,3.28439937343573,0.0,train
0.05129329438755048,0,3.5891026817796803,0.0,train
0.3566749439387324,0,3.187731714668467,0.0,train
0.3566749439387324,2,0.6140747730290067,1.0,train
0.10536051565782635,0,5.323694440956849,0.0,train
0.3566749439387324,0,1.4409398776747269,0.0,train
0.10536051565782635,0,4.27259022183413,0.0,train
0.05129329438755048,3,0.07883680757994065,1.0,train
0.22314355131420976,0,3.913817671051639,0.0,train
0.5108256237659907,3,0.19939623062512646,0.0,train
0.22314355131420976,1,0.5757270888371272,1.0,train
0.05129329438755048,0,4.880136865901039,0.0,train
0.3566749439387324,0,4.896984887771986,0.0,train
0.05129329438755048,0,3.432760444149655,0.0,train
0.5108256237659907,1,0.6683125677678066,1.0,train
0.05129329438755048,0,3.746652199733556,0.0,train
0.10536051565782635,1,0.38685089928376293,1.0,train
0.22314355131420976,0,0.9217113136582926,0.0,train
0.5108256237659907,2,1.7864494771492345,1.0,train
0.3566749439387324,0,0.5029411117568947,0.0,train
0.05129329438755048,0,2.9970799255247123,0.0,train
0.10536051565782635,1,3.4042621609518737,1.0,train
0.22314355131420976,0,1.3659443414435943,0.0,train
0.22314355131420976,0,3.844805478246053,0.0,train
0.05129329438755048,0,0.5756992081774617,0.0,train
0.10536051565782635,0,0.2665012642191933,0.0,train
0.10536051565782635,0,1.965441313698487,0.0,train
0.5108256237659907,4,0.005552588643329038,1.0,train
0.10536051565782635,0,0.6243454750948756,0.0,train
0.05129329438755048,0,0.1935878642161668,0.0,train
0.10536051565782635,0,0.479979835218292,0.0,train
0.10536051565782635,0,1.5037640441097677,0.0,train
0.22314355131420976,0,3.0512201110761814,0.0,train
0.3566749439387324,3,0.4084966542828743,0.0,train
0.05129329438755048,0,1.6620879316396324,0.0,train
0.3566749439387324,1,1.102643408217114,1.0,train
0.5108256237659907,0,2.922223793309973,0.0,train
0.05129329438755048,0,5.837938406884941,0.0,train
0.5108256237659907,1,0.07590752423309924,1.0,train
0.3566749439387324,0,2.6284604396105324,0.0,train
0.05129329438755048,0,5.9051095515301455,0.0,train
0.5108256237659907,0,0.436384085101732,0.0,train
0.3566749439387324,2,0.2698357233623373,1.0,train
0.22314355131420976,1,0.8892362760218818,1.0,train
0.5108256237659907,5,0.11523996627611346,1.0,train
0.3566749439387324,0,2.129274852133541,0.0,train
0.22314355131420976,0,1.808353814884482,0.0,train
0.10536051565782635,1,2.0373035586420247,1.0,train
0.5108256237659907,6,0.18156742679419682,1.0,train
0.05129329438755048,0,2.2620288060913243,0.0,train
0.05129329438755048,0,2.9106781325326936,0.0,train
0.10536051565782635,0,1.946538580400713,0.0,train
0.10536051565782635,0,5.95146247313018,0.0,train
0.5108256237659907,0,4.037944800545273,0.0,train
0.05129329438755048,0,1.476674848107282,0.0,train
0.05129329438755048,0,3.0929387245117734,0.0,train
0.10536051565782635,0,0.0579726847766211,0.0,train
0.3566749439387324,0,5.900232005317283,0.0,train
0.10536051565782635,0,0.9175413019396752,0.0,train
0.05129329438755048,0,4.783616810235025,0.0,train
0.5108256237659907,0,5.742313198202566,0.0,train
0.05129329438755048,0,2.3891495972653893,0.0,train
0.10536051565782635,0,5.519192414979057,0.0,train
0.3566749439387324,1,2.4497460115135476,1.0,train
0.5108256237659907,1,0.17624782203886719,1.0,train
0.05129329438755048,0,5.127764732506836,0.0,train
0.10536051565782635,0,3.666897856073536,0.0,train
0.05129329438755048,0,2.9333213447124518,0.0,train
0.5108256237659907,0,1.1942578073000445,0.0,train
0.10536051565782635,0,4.545282383383866,0.0,train
0.22314355131420976,0,3.0271665749558285,0.0,train
0.10536051565782635,0,5.168588130776151,0.0,train
0.5108256237659907,0,3.0901187467461155,0.0,train
0.22314355131420976,0,0.31138811328137495,0.0,train
0.10536051565782635,0,3.112056581920658,0.0,train
0.10536051565782635,0,5.0776675591578595,0.0,train
0.22314355131420976,0,0.6107780117196961,0.0,train
0.10536051565782635,1,0.9146278388719371,1.0,train
0.05129329438755048,0,3.3688494312521886,0.0,train
0.22314355131420976,1,0.08383054419721025,0.0,train
0.5108256237659907,0,0.4232212113536822,0.0,train
0.22314355131420976,0,4.389438596896801,0.0,train
0.05129329438755048,0,3.5123011051942976,0.0,train
0.10536051565782635,0,1.296566989776316,0.0,train
0.3566749439387324,0,3.127904230459559,0.0,train
0.5108256237659907,1,0.3004244933891133,1.0,train
0.5108256237659907,0,2.4960041348271034,0.0,train
0.5108256237659907,3,0.02286125029295047,1.0,train
0.5108256237659907,0,2.8650564489870467,0.0,train
0.22314355131420976,0,0.8105716694490048,0.0,train
0.05129329438755048,0,1.8439274896559257,0.0,train
0.05129329438755048,0,3.6268208100505763,0.0,train
0.10536051565782635,0,2.0255002370883766,0.0,train
0.22314355131420976,0,5.524786364296381,0.0,train
0.05129329438755048,1,0.2166946446280602,0.0,train
0.5108256237659907,0,0.528476395666508,0.0,train
0.3566749439387324,0,5.24372206053677,0.0,train
0.05129329438755048,0,4.170281259955708,0.0,train
0.05129329438755048,0,3.3847517851261504,0.0,train
0.5108256237659907,0,1.018342807180315,0.0,train
0.05129329438755048,0,1.4687884555851767,0.0,train
0.10536051565782635,0,2.8631421217066118,0.0,train
0.22314355131420976,0,0.9010516303990401,0.0,train
0.5108256237659907,1,1.5269013738932187,1.0,train
0.05129329438755048,0,3.6825487359474476,0.0,train
0.3566749439387324,0,4.632646789141116,0.0,train
0.10536051565782635,1,0.21262935319563891,1.0,train
0.22314355131420976,1,1.1371195096866173,1.0,train
0.05129329438755048,0,2.9965106098880367,0.0,train
0.05129329438755048,0,2.9071230553199054,0.0,train
0.22314355131420976,0,3.306729537927878,0.0,train
0.10536051565782635,0,3.2288808557138724,0.0,train
0.5108256237659907,2,1.0943885628510526,1.0,train
0.22314355131420976,0,4.548171418835652,0.0,train
0.5108256237659907,2,0.3698211873108215,1.0,train
0.22314355131420976,0,3.589010317848497,0.0,train
0.10536051565782635,0,1.9381357846821092,0.0,train
0.05129329438755048,0,2.544910915591932,0.0,train
0.22314355131420976,0,1.248240666466526,0.0,train
0.10536051565782635,0,2.109681388220676,0.0,train
0.22314355131420976,0,4.27442640732176,0.0,train
0.10536051565782635,0,4.333916336307801,0.0,train
0.05129329438755048,0,5.192514583933278,0.0,train
0.22314355131420976,2,0.16270500308103353,0.0,train
0.05129329438755048,0,2.0169801140037626,0.0,train
0.22314355131420976,0,0.37058606564369834,0.0,train
0.10536051565782635,0,1.0929681714940807,0.0,train
0.22314355131420976,0,0.7797750083463155,0.0,train
0.05129329438755048,0,3.4292171339815316,0.0,train
0.05129329438755048,0,1.0880973422808733,0.0,train
0.10536051565782635,0,5.648216940061408,0.0,train
0.22314355131420976,0,3.3897624386519265,0.0,train
0.22314355131420976,0,2.9894099857720615,0.0,train
0.05129329438755048,0,3.0742248429546053,0.0,train
0.22314355131420976,0,4.07957096159757,0.0,train
0.22314355131420976,0,2.5757694714797372,0.0,train
0.22314355131420976,0,2.2017969361791145,0.0,train
0.10536051565782635,0,5.42870061347738,0.0,train
0.5108256237659907,0,3.8699624602080114,0.0,train
0.22314355131420976,0,4.138616207975055,0.0,train
0.3566749439387324,0,4.942713651552929,0.0,train
0.3566749439387324,1,0.6589634595859241,1.0,train
0.3566749439387324,1,1.5491201386102218,1.0,train
0.10536051565782635,0,4.5332354213497865,0.0,train
0.10536051565782635,0,4.718167808774382,0.0,train
0.5108256237659907,0,1.2133287088223057,0.0,train
0.5108256237659907,3,0.27795766379289805,1.0,train
0.22314355131420976,0,5.4752721487509355,0.0,train
0.22314355131420976,0,4.872100093027917,0.0,train
0.3566749439387324,1,0.4363661202666285,1.0,train
0.3566749439387324,0,0.7926752431260771,0.0,train
0.3566749439387324,0,0.4511667535822754,0.0,train
0.5108256237659907,0,4.283617181168178,0.0,train
0.10536051565782635,0,3.5431584648304577,0.0,train
0.22314355131420976,0,2.464969193538394,0.0,train
0.10536051565782635,1,0.7307940853749832,1.0,train
0.22314355131420976,0,5.938134944202867,0.0,train
0.22314355131420976,1,0.07114649962279973,0.0,train
0.05129329438755048,0,4.485187345325285,0.0,train
0.3566749439387324,5,0.3801257317764208,1.0,train
0.22314355131420976,1,0.8766921938389389,1.0,train
0.10536051565782635,1,0.8006585008618402,1.0,train
0.22314355131420976,0,0.47033376478118916,0.0,train
0.22314355131420976,0,0.3888506880654474,0.0,train
0.22314355131420976,0,5.919886535559181,0.0,train
0.5108256237659907,4,0.34169341230844147,1.0,train
0.22314355131420976,0,3.500479182194193,0.0,train
0.10536051565782635,0,5.809994061628511,0.0,train
0.05129329438755048,0,3.462900893248473,0.0,train
0.3566749439387324,0,4.9703078783595185,0.0,train
0.5108256237659907,2,0.627937730307379,1.0,train
0.22314355131420976,0,2.3620174008158905,0.0,train
0.3566749439387324,0,5.932927588647763,0.0,train
0.22314355131420976,0,5.028942719109554,0.0,train
0.5108256237659907,0,4.769173507898832,0.0,train
0.10536051565782635,0,0.1331182298903113,0.0,train
0.3566749439387324,0,1.2686579834476155,0.0,train
0.22314355131420976,0,5.918924547875307,0.0,train
0.5108256237659907,1,1.6191462723995615,0.0,train
0.22314355131420976,1,0.015625728936050385,1.0,train
0.3566749439387324,0,1.1492032606370057,0.0,train
0.05129329438755048,0,3.474657649557461,0.0,train
0.5108256237659907,0,2.677883221484606,0.0,train
0.22314355131420976,0,0.2241247035603906,0.0,train
0.10536051565782635,1,0.48582894412019456,1.0,train
0.3566749439387324,1,2.486127628691644,1.0,train
0.05129329438755048,0,0.5041732996965256,0.0,train
0.10536051565782635,0,4.0813279229700274,0.0,train
0.05129329438755048,0,5.5777595953935215,0.0,train
0.22314355131420976,0,2.8899036899122237,0.0,train
0.22314355131420976,0,0.8480408895734644,0.0,train
0.5108256237659907,1,2.711990113933642,1.0,train
0.5108256237659907,0,5.895506603796426,0.0,train
0.10536051565782635,0,5.828474216498166,0.0,train
0.05129329438755048,0,5.826604364996425,0.0,train
0.05129329438755048,0,1.946943227426218,0.0,train
0.22314355131420976,0,4.157336416238502,0.0,train
0.22314355131420976,0,0.45520184199828706,0.0,train
0.5108256237659907,0,0.8426273567044122,0.0,train
0.22314355131420976,0,0.11603080080926231,0.0,train
0.5108256237659907,0,2.7586086751744787,0.0,train
0.10536051565782635,0,0.6890727654181963,0.0,train
0.05129329438755048,0,0.5664018646930076,0.0,train
0.05129329438755048,0,4.301752436933013,0.0,train
0.05129329438755048,0,5.9567053097304345,0.0,train
0.05129329438755048,0,5.4967370538302465,0.0,train
0.05129329438755048,1,1.2324299782736035,1.0,train
0.22314355131420976,0,2.1013742601392753,0.0,train
0.5108256237659907,0,2.3965085775114687,0.0,train
0.05129329438755048,0,2.729826096759745,0.0,train
0.10536051565782635,0,0.4442852665262913,0.0,train
0.22314355131420976,0,1.913000544300138,0.0,train
0.22314355131420976,0,3.3969217993928202,0.0,train
0.5108256237659907,0,5.207646002360449,0.0,train
0.3566749439387324,8,0.25183899840629403,1.0,train
0.05129329438755048,0,0.4778711146936252,0.0,train
0.3566749439387324,2,0.07607691452817772,1.0,train
0.10536051565782635,0,4.17033836040214,0.0,train
0.5108256237659907,0,4.745880895336771,0.0,train
0.3566749439387324,0,5.346803543862915,0.0,train
0.3566749439387324,0,2.7784204392882903,0.0,train
0.10536051565782635,0,3.435265620664613,0.0,train
0.10536051565782635,0,0.7059055504461749,0.0,train
0.10536051565782635,0,2.635739688851185,0.0,train
0.10536051565782635,0,0.2055548511087697,0.0,train
0.22314355131420976,0,3.30746683061186,0.0,train
0.22314355131420976,0,5.621889214621146,0.0,train
0.3566749439387324,0,2.530816467530243,0.0,train
0.10536051565782635,0,3.1219505934503777,0.0,train
0.05129329438755048,1,0.07017953395665145,1.0,train
0.5108256237659907,0,4.1756051293725065,0.0,train
0.05129329438755048,0,3.1178038648049293,0.0,train
0.05129329438755048,0,2.084201639968917,0.0,train
0.22314355131420976,0,1.65902764251421,0.0,train
0.05129329438755048,0,2.8282319350040614,0.0,train
0.22314355131420976,0,4.694230317792283,0.0,train
0.05129329438755048,0,2.358663631788499,0.0,train
0.5108256237659907,1,1.0462454973979827,1.0,train
0.10536051565782635,1,1.6776313095084057,0.0,train
0.22314355131420976,0,4.8865109511381775,0.0,train
0.10536051565782635,0,5.873105644458116,0.0,train
0.22314355131420976,1,0.43264179592111873,1.0,train
0.05129329438755048,0,3.3787171832652803,0.0,train
0.05129329438755048,0,2.2728547825281495,0.0,train
0.3566749439387324,0,3.6418437237446675,0.0,train
0.10536051565782635,0,1.3974976397920023,0.0,train
0.10536051565782635,0,2.1251583943687047,0.0,train
0.5108256237659907,0,0.2915592267792102,0.0,train
0.3566749439387324,0,3.9588326062683423,0.0,train
0.3566749439387324,0,4.282623119183868,0.0,train
0.22314355131420976,0,3.866127719986733,0.0,train
0.5108256237659907,0,1.987117472478645,0.0,train
0.05129329438755048,0,3.7114448774198405,0.0,train
0.22314355131420976,0,2.6704468251014006,0.0,train
0.22314355131420976,0,5.951686691881029,0.0,train
0.5108256237659907,0,4.743117168843536,0.0,train
0.5108256237659907,0,2.53092650516008,0.0,train
0.05129329438755048,0,5.162528862422824,0.0,train
0.05129329438755048,0,5.549456517175426,0.0,train
0.10536051565782635,0,2.8225977431133566,0.0,train
0.10536051565782635,0,5.236103005733613,0.0,train
0.22314355131420976,0,3.9748409624908554,0.0,train
0.22314355131420976,0,5.894288463388708,0.0,train
0.5108256237659907,0,0.5530693777380216,0.0,train
0.22314355131420976,0,1.5326141872008325,0.0,train
0.10536051565782635,0,2.312569002700253,0.0,train
0.10536051565782635,0,3.097927352035695,0.0,train
0.22314355131420976,0,2.1830985424330906,0.0,train
0.22314355131420976,0,1.5513385199670457,0.0,train
0.5108256237659907,0,1.230417167522051,0.0,train
0.3566749439387324,0,4.144578067956498,0.0,train
0.5108256237659907,0,0.2513676579166395,0.0,train
0.10536051565782635,3,1.7621989090957626,1.0,train
0.05129329438755048,0,2.7689989121054888,0.0,train
0.3566749439387324,0,0.7236012898958137,0.0,train
0.5108256237659907,0,5.199123331482537,0.0,train
0.05129329438755048,0,1.4876532909726115,0.0,train
0.10536051565782635,0,1.498282017712192,0.0,train
0.05129329438755048,0,3.7263188089517634,0.0,train
0.05129329438755048,0,4.659902078853697,0.0,train
0.3566749439387324,4,0.023235509494133562,1.0,train
0.10536051565782635,0,1.8539731449344357,0.0,train
0.05129329438755048,1,0.14438484066957233,1.0,train
0.05129329438755048,2,1.0307739487142797,1.0,train
0.5108256237659907,0,4.470088001403576,0.0,train
0.3566749439387324,0,5.440310865506768,0.0,train
0.05129329438755048,0,0.09677601509267975,0.0,train
0.22314355131420976,0,0.22833371873093622,0.0,train
0.10536051565782635,0,3.8368238068323146,0.0,train
0.3566749439387324,0,5.627820043372733,0.0,train
0.22314355131420976,1,0.010914759578639115,1.0,train
0.10536051565782635,0,5.96937992626842,0.0,train
0.22314355131420976,4,0.8660285782336038,1.0,train
0.5108256237659907,0,3.0296329772291317,0.0,train
0.05129329438755048,0,2.052177139293149,0.0,train
0.3566749439387324,0,1.1976270482521807,0.0,train
0.10536051565782635,0,2.539080512511053,0.0,train
0.10536051565782635,0,3.798219144536961,0.0,train
0.05129329438755048,0,3.9950374133025566,0.0,train
0.5108256237659907,0,0.2200381569759433,0.0,train
0.10536051565782635,0,5.279842700699368,0.0,train
0.10536051565782635,0,2.3807290489322446,0.0,train
0.05129329438755048,0,3.4512165093040412,0.0,train
0.22314355131420976,0,5.171376182089256,0.0,train
0.3566749439387324,1,1.2271561530870312,1.0,train
0.3566749439387324,0,0.08057030829150325,0.0,train
0.5108256237659907,0,4.160448997428609,0.0,train
0.3566749439387324,1,0.25901884647116247,1.0,train
0.5108256237659907,3,0.30648836316513856,1.0,train
0.22314355131420976,0,2.5104077440963763,0.0,train
0.3566749439387324,0,5.13259235041161,0.0,train
0.3566749439387324,0,2.719059721359473,0.0,train
0.3566749439387324,0,3.907127124645359,0.0,train
0.5108256237659907,0,3.0166204298713395,0.0,train
0.05129329438755048,0,0.3708238861293096,0.0,train
0.05129329438755048,0,3.160091335421469,0.0,train
0.3566749439387324,1,0.40472444411132846,0.0,train
0.05129329438755048,0,1.6911073461947588,0.0,train
0.3566749439387324,0,5.480423711036933,0.0,train
0.22314355131420976,0,1.2971006313019924,0.0,train
0.10536051565782635,0,5.611248126282609,0.0,train
0.10536051565782635,0,3.4200895922479635,0.0,train
0.05129329438755048,0,4.674727025571557,0.0,train
0.3566749439387324,0,2.282227616719573,0.0,train
0.05129329438755048,0,2.9282207697623486,0.0,train
0.22314355131420976,0,4.701080666854944,0.0,train
0.5108256237659907,3,0.046198102834091086,1.0,train
0.3566749439387324,0,2.550953572899222,0.0,train
0.3566749439387324,0,1.5403395242657891,0.0,train
0.05129329438755048,0,5.006912575548612,0.0,train
0.5108256237659907,0,3.126399454855629,0.0,train
0.5108256237659907,3,0.45393382417419015,0.0,train
0.05129329438755048,0,3.09915647924557,0.0,train
0.3566749439387324,1,0.09754371871065219,1.0,train
0.05129329438755048,0,1.3000735817891185,0.0,train
0.22314355131420976,0,3.6258819694903677,0.0,train
0.5108256237659907,1,0.7247342779121958,1.0,train
0.05129329438755048,0,0.4366739312037069,0.0,train
0.5108256237659907,1,0.5013502990432145,1.0,train
0.22314355131420976,0,2.776514075959242,0.0,train
0.3566749439387324,0,1.2474353768601811,0.0,train
0.5108256237659907,0,5.6803940458234425,0.0,train
0.5108256237659907,0,1.2641278966627565,0.0,train
0.10536051565782635,0,0.17782427465910455,0.0,train
0.10536051565782635,0,2.099107511890356,0.0,train
0.10536051565782635,0,4.205212619825481,0.0,train
0.3566749439387324,0,0.979650670364371,0.0,train
0.3566749439387324,0,2.315952111435215,0.0,train
0.5108256237659907,5,0.035800338156847626,1.0,train
0.05129329438755048,0,1.6396026664252665,0.0,train
0.22314355131420976,0,2.6447678080312453,0.0,train
0.05129329438755048,0,3.7357873148914544,0.0,train
0.10536051565782635,0,2.6472098810695552,0.0,train
0.3566749439387324,1,1.0195691050659843,1.0,train
0.3566749439387324,0,4.992047415419736,0.0,train
0.5108256237659907,0,2.217710210929795,0.0,train
0.5108256237659907,1,0.37532978421738705,1.0,train
0.22314355131420976,1,0.39355977960685345,1.0,train
0.3566749439387324,1,0.011866292975497274,1.0,train
0.05129329438755048,0,5.646559945369306,0.0,train
0.22314355131420976,0,0.5767419923516943,0.0,train
0.3566749439387324,0,2.190358583611729,0.0,train
0.22314355131420976,0,3.553622886307845,0.0,train
0.05129329438755048,0,5.461215773283973,0.0,train
0.05129329438755048,0,5.67656874518571,0.0,train
0.5108256237659907,0,0.9764328990770796,0.0,train
0.5108256237659907,1,0.4344855358908224,1.0,train
0.22314355131420976,0,4.000717113008945,0.0,train
0.05129329438755048,0,2.080098510125243,0.0,train
0.22314355131420976,0,2.921001834471772,0.0,train
0.10536051565782635,0,2.652625055023612,0.0,train
0.22314355131420976,0,3.0685736559556913,0.0,train
0.05129329438755048,1,0.5042083007913399,1.0,train
0.10536051565782635,0,0.7803104072403888,0.0,train
0.5108256237659907,0,1.0940745295686214,0.0,train
0.05129329438755048,0,5.124549779221615,0.0,train
0.10536051565782635,0,4.443704480518344,0.0,train
0.10536051565782635,0,5.197165972976905,0.0,train
0.10536051565782635,0,1.413916497422094,0.0,train
0.10536051565782635,0,5.9498397791219455,0.0,train
0.22314355131420976,0,1.3194274874858587,0.0,train
0.3566749439387324,6,0.12283351885695216,1.0,train
0.5108256237659907,0,4.471991462665632,0.0,train
0.5108256237659907,0,4.575181465887349,0.0,train
0.22314355131420976,0,5.186380775272193,0.0,train
0.3566749439387324,0,1.1191758145575086,0.0,train
0.05129329438755048,0,4.60630203718995,0.0,train
0.3566749439387324,1,0.06788536188400567,1.0,train
0.22314355131420976,1,0.036017735846643736,1.0,train
0.22314355131420976,1,0.4299834874267558,1.0,train
0.10536051565782635,0,1.7412985326358426,0.0,train
0.10536051565782635,0,3.964884571991739,0.0,train
0.10536051565782635,0,4.525655353279877,0.0,train
0.3566749439387324,0,2.2409145499273695,0.0,train
0.22314355131420976,0,2.146423241952165,0.0,train
0.22314355131420976,0,0.11046818116239243,0.0,train
0.05129329438755048,0,3.757993120601159,0.0,train
0.22314355131420976,0,2.104369958100256,0.0,train
0.3566749439387324,0,4.1021207543350435,0.0,train
0.3566749439387324,0,3.353429368392026,0.0,train
0.05129329438755048,0,4.6531244002223815,0.0,train
0.5108256237659907,0,0.4674227059996343,0.0,train
0.5108256237659907,0,4.362805605411552,0.0,train
0.3566749439387324,0,3.931275861693383,0.0,train
0.10536051565782635,0,0.9547164163245199,0.0,train
0.5108256237659907,0,3.5071547608413445,0.0,train
0.5108256237659907,0,5.849568443157896,0.0,train
0.22314355131420976,0,2.556271092105601,0.0,train
0.22314355131420976,0,5.547159133911937,0.0,train
0.22314355131420976,0,1.2360699302002782,0.0,train
0.05129329438755048,0,2.91110482515625,0.0,train
0.05129329438755048,0,2.7833774457269795,0.0,train
0.3566749439387324,4,0.01775236915709535,1.0,train
0.22314355131420976,0,3.489587627122779,0.0,train
0.3566749439387324,0,0.33761608705460255,0.0,train
0.3566749439387324,0,4.537761746480672,0.0,train
0.05129329438755048,0,5.842716934354656,0.0,train
0.05129329438755048,0,5.986535661331153,0.0,train
0.3566749439387324,0,5.702816101907083,0.0,train
0.3566749439387324,1,1.0049510583250132,0.0,train
0.10536051565782635,0,2.860168254515462,0.0,train
0.10536051565782635,1,0.31609074271535437,1.0,train
0.10536051565782635,0,3.9961793103312795,0.0,train
0.5108256237659907,0,4.521974761358799,0.0,train
0.05129329438755048,0,0.9921786478457073,0.0,train
0.5108256237659907,0,0.9144286758691831,0.0,train
0.10536051565782635,0,5.877215700088555,0.0,train
0.5108256237659907,0,5.4857603173573315,0.0,train
0.5108256237659907,0,1.2621690164938981,0.0,train
0.3566749439387324,1,3.62446885381933,0.0,train
0.05129329438755048,0,1.7926513913086324,0.0,train
0.10536051565782635,0,1.126376622635605,0.0,train
0.10536051565782635,0,4.470843789365584,0.0,train
0.05129329438755048,0,1.996977980349922,0.0,train
0.10536051565782635,0,0.8512765465357208,0.0,train
0.05129329438755048,0,5.485955170399246,0.0,train
0.3566749439387324,1,1.1289331966535083,1.0,train
0.22314355131420976,0,1.9485570680838078,0.0,train
0.5108256237659907,2,0.25695465792106537,1.0,train
0.22314355131420976,0,4.469871524977634,0.0,train
0.3566749439387324,0,1.4544448662156617,0.0,train
0.22314355131420976,0,2.15443259950843,0.0,train
0.05129329438755048,0,1.9945433053574488,0.0,train
0.22314355131420976,0,0.37348252506526025,0.0,train
0.5108256237659907,0,1.7773729889660372,0.0,train
0.3566749439387324,0,3.00831555637585,0.0,train
0.22314355131420976,0,5.803310660152307,0.0,train
0.3566749439387324,0,3.6404620461898793,0.0,train
0.10536051565782635,0,1.7726282560412008,0.0,train
0.5108256237659907,0,3.8882868219926756,0.0,train
0.22314355131420976,0,2.4681668358472133,0.0,train
0.3566749439387324,0,1.1185970094856292,0.0,train
0.10536051565782635,0,0.22442826229332358,0.0,train
0.05129329438755048,0,2.588155767523192,0.0,train
0.22314355131420976,0,3.0707362612288884,0.0,train
0.3566749439387324,0,3.8920076546462035,0.0,train
0.5108256237659907,1,0.1876254930540745,1.0,train
0.3566749439387324,1,0.27809176864955865,1.0,train
0.22314355131420976,0,2.9064660036437937,0.0,train
0.10536051565782635,0,4.595969273723348,0.0,train
0.05129329438755048,0,3.8436618182341413,0.0,train
0.3566749439387324,0,3.7619870486199725,0.0,train
0.3566749439387324,1,0.1898391745087347,1.0,train
0.22314355131420976,1,0.4635152579214902,1.0,train
0.3566749439387324,3,0.21057514247944742,1.0,train
0.5108256237659907,0,5.241082755436146,0.0,train
0.3566749439387324,0,1.3137931270390375,0.0,train
0.05129329438755048,0,2.7081776404814812,0.0,train
0.22314355131420976,0,5.228169893233487,0.0,train
0.10536051565782635,0,4.399754014012232,0.0,train
0.10536051565782635,0,3.739150993258612,0.0,train
0.10536051565782635,0,1.7968133177327605,0.0,train
0.3566749439387324,1,1.4010545697352021,1.0,train
0.10536051565782635,0,3.2186620177080414,0.0,train
0.3566749439387324,0,4.388596463800045,0.0,train
0.3566749439387324,0,5.422777524253025,0.0,train
0.10536051565782635,0,1.696880266821184,0.0,train
0.5108256237659907,0,2.6012344799178084,0.0,train
0.10536051565782635,0,2.732583006800076,0.0,train
0.22314355131420976,0,2.067567113549488,0.0,train
0.3566749439387324,1,0.10131364484076115,1.0,train
0.10536051565782635,0,2.5740519297417843,0.0,train
0.10536051565782635,0,4.465676672799924,0.0,train
0.10536051565782635,2,0.510109709167576,1.0,train
0.3566749439387324,2,0.8370726668715831,0.0,train
0.22314355131420976,0,3.8823140387428072,0.0,train
0.3566749439387324,0,0.7509702881426861,0.0,train
0.22314355131420976,0,3.5676295423275484,0.0,train
0.3566749439387324,0,1.2124335215851028,0.0,train
0.10536051565782635,1,0.9002228134432693,0.0,train
0.22314355131420976,0,5.871162044839449,0.0,train
0.5108256237659907,0,2.461062419522821,0.0,train
0.05129329438755048,0,0.9845565443181665,0.0,train
0.10536051565782635,0,2.9361299895327484,0.0,train
0.5108256237659907,1,0.18182113315775197,1.0,train
0.5108256237659907,0,4.971373326525258,0.0,train
0.22314355131420976,0,2.5424666355466847,0.0,train
0.05129329438755048,0,1.2659228273153984,0.0,train
0.5108256237659907,0,1.289809142341441,0.0,train
0.10536051565782635,0,4.539646180795323,0.0,train
0.05129329438755048,0,2.3276494882244103,0.0,train
0.5108256237659907,0,0.46060762737525396,0.0,train
0.22314355131420976,0,3.62881635111025,0.0,train
0.10536051565782635,0,0.2771802606591416,0.0,train
0.3566749439387324,0,3.0674097399640017,0.0,train
0.3566749439387324,0,1.6411562828280533,0.0,train
0.3566749439387324,2,0.30037369540524606,1.0,train
0.05129329438755048,0,3.6156440599275763,0.0,train
0.05129329438755048,0,0.6840012931914166,0.0,train
0.22314355131420976,0,0.15190096973762346,0.0,train
0.5108256237659907,0,3.721618017245321,0.0,train
0.22314355131420976,4,0.01748548383934624,1.0,train
0.05129329438755048,0,4.129903027631616,0.0,train
0.10536051565782635,0,3.981033191990554,0.0,train
0.22314355131420976,6,0.08671670209546165,1.0,train
0.05129329438755048,0,4.858914102705928,0.0,train
0.22314355131420976,0,5.916713461628887,0.0,train
0.05129329438755048,0,0.524695739009609,0.0,train
0.5108256237659907,0,5.647831835335572,0.0,train
0.05129329438755048,0,1.6831891063710762,0.0,train
0.22314355131420976,0,3.497265330555128,0.0,train
0.22314355131420976,0,4.796245648095593,0.0,train
0.22314355131420976,0,3.915102759832952,0.0,train
0.3566749439387324,0,4.445482624315238,0.0,train
0.22314355131420976,0,1.7764886120188401,0.0,train
0.3566749439387324,2,0.1668219459543643,1.0,train
0.10536051565782635,0,5.351225916596646,0.0,train
0.10536051565782635,0,3.4183417682243435,0.0,train
0.05129329438755048,0,5.762705679323954,0.0,train
0.5108256237659907,0,3.3158003507460094,0.0,train
0.3566749439387324,0,4.248923823570128,0.0,train
0.05129329438755048,0,1.7117415816442492,0.0,train
0.05129329438755048,0,1.3734059505448262,0.0,train
0.10536051565782635,0,2.7742208851802204,0.0,train
0.10536051565782635,0,0.4495311928317667,0.0,train
0.10536051565782635,0,2.723117392081332,0.0,train
0.5108256237659907,0,2.678846128132026,0.0,train
0.10536051565782635,0,5.672483893393466,0.0,train
0.05129329438755048,0,1.5815072261501553,0.0,train
0.05129329438755048,0,1.5155931315955251,0.0,train
0.5108256237659907,0,4.969684599321628,0.0,train
0.5108256237659907,0,2.882583181914259,0.0,train
0.5108256237659907,0,0.7475830905056635,0.0,train
0.10536051565782635,0,0.9552902899676399,0.0,train
0.3566749439387324,0,4.638976582177417,0.0,train
0.05129329438755048,0,0.8234255105202675,0.0,train
0.5108256237659907,0,1.5581042917608097,0.0,train
0.10536051565782635,0,5.325498970934539,0.0,train
0.3566749439387324,0,4.45626536290609,0.0,train
0.5108256237659907,0,0.4020045805531698,0.0,train
0.05129329438755048,0,0.6422103699643285,0.0,train
0.22314355131420976,1,0.2782599802113923,1.0,train
0.22314355131420976,0,1.486847908172849,0.0,train
0.05129329438755048,0,5.359389948683156,0.0,train
0.5108256237659907,0,5.533678444202672,0.0,train
0.3566749439387324,0,3.1306477952587657,0.0,train
0.22314355131420976,0,1.2538692679925316,0.0,train
0.05129329438755048,0,4.885059261749836,0.0,train
0.22314355131420976,0,5.837838466423459,0.0,train
0.05129329438755048,0,5.644023465440048,0.0,train
0.22314355131420976,0,4.877183327571953,0.0,train
0.10536051565782635,0,5.060172062897244,0.0,train
0.22314355131420976,0,3.0021420389513755,0.0,train
0.5108256237659907,1,0.1690148749503832,1.0,train
0.05129329438755048,0,5.988206974108012,0.0,train
0.22314355131420976,0,4.850625204882426,0.0,train
0.10536051565782635,0,3.224128078382675,0.0,train
0.3566749439387324,5,0.19434044762914926,1.0,train
0.3566749439387324,4,0.01943575193753972,1.0,train
0.05129329438755048,0,0.6470107383068344,0.0,train
0.5108256237659907,1,0.026520636808548437,0.0,train
0.05129329438755048,0,5.392608734419069,0.0,train
0.3566749439387324,0,1.3752882505796957,0.0,train
0.3566749439387324,0,1.4266087344455556,0.0,train
0.5108256237659907,0,4.339060561814533,0.0,train
0.05129329438755048,0,1.1811787710214174,0.0,train
0.5108256237659907,3,0.5431619896558002,1.0,train
0.5108256237659907,0,5.900358262689035,0.0,train
0.05129329438755048,0,1.4312730344189348,0.0,train
0.10536051565782635,0,3.132564324917202,0.0,train
0.5108256237659907,7,0.22653104097584595,1.0,train
0.5108256237659907,3,0.22051886742842614,1.0,train
0.3566749439387324,0,0.2320664578547511,0.0,train
0.22314355131420976,0,5.966857594781284,0.0,train
0.3566749439387324,1,0.8900271261317677,1.0,train
0.10536051565782635,0,5.951421527136238,0.0,train
0.10536051565782635,0,3.502876647621777,0.0,train
0.3566749439387324,0,0.2930037094623317,0.0,train
0.10536051565782635,0,3.5770944409045358,0.0,train
0.3566749439387324,0,3.5044775637720305,0.0,train
0.22314355131420976,0,1.0809463847493836,0.0,train
0.5108256237659907,2,0.6228439391942971,1.0,train
0.10536051565782635,1,3.0888403781094826,1.0,train
0.05129329438755048,0,5.505285375474261,0.0,train
0.3566749439387324,0,1.6979651959741715,0.0,train
0.22314355131420976,0,3.4595836982653045,0.0,train
0.22314355131420976,0,2.309976279608878,0.0,train
0.5108256237659907,0,1.2982102783478051,0.0,train
0.10536051565782635,0,3.23790132288432,0.0,train
0.5108256237659907,0,2.5397316336315536,0.0,train
0.3566749439387324,1,1.8687324305432729,1.0,train
0.05129329438755048,0,0.6021338270888683,0.0,train
0.22314355131420976,0,4.967390672318071,0.0,train
0.05129329438755048,0,2.6563101332253627,0.0,train
0.05129329438755048,0,0.48041353921148167,0.0,train
0.5108256237659907,1,2.1560918018303807,0.0,train
0.05129329438755048,0,1.458430469418279,0.0,train
0.10536051565782635,0,0.5969260138672752,0.0,train
0.5108256237659907,0,2.75892369089145,0.0,train
0.22314355131420976,1,0.08634962685543801,1.0,train
0.5108256237659907,0,0.045878865680371916,0.0,train
0.5108256237659907,0,4.109819694041412,0.0,train
0.5108256237659907,3,0.550236197525304,1.0,train
0.5108256237659907,2,0.7765979818896948,1.0,train
0.10536051565782635,1,0.32664576845937643,1.0,train
0.22314355131420976,0,3.7990761832968976,0.0,train
0.3566749439387324,0,1.5237476572005,0.0,train
0.05129329438755048,0,5.321099002066994,0.0,train
0.5108256237659907,0,0.0648870214691688,0.0,train
0.05129329438755048,0,3.9458818515384424,0.0,train
0.22314355131420976,0,3.937635317247851,0.0,train
0.3566749439387324,0,1.4930673412653708,0.0,train
0.05129329438755048,0,4.421873332456673,0.0,train
0.5108256237659907,0,4.070437819031941,0.0,train
0.05129329438755048,0,1.9882667820284148,0.0,train
0.22314355131420976,0,0.7520176102883334,0.0,train
0.3566749439387324,3,0.200497136276385,0.0,train
0.05129329438755048,0,3.255798044400276,0.0,train
0.05129329438755048,0,4.021962854287354,0.0,train
0.5108256237659907,7,0.28066179037108085,1.0,train
0.10536051565782635,0,0.042275695321055906,0.0,train
0.3566749439387324,0,1.0556598717754144,0.0,train
0.3566749439387324,0,4.053897848205856,0.0,train
0.22314355131420976,0,5.952446806060495,0.0,train
0.05129329438755048,0,0.666875091103587,0.0,train
0.22314355131420976,0,5.816531601826225,0.0,train
0.05129329438755048,0,0.635747303819995,0.0,train
0.5108256237659907,0,3.6148517399552285,0.0,train
0.5108256237659907,3,0.06055659137135291,1.0,train
0.3566749439387324,0,2.1025416082887167,0.0,train
0.5108256237659907,0,2.3375814991803034,0.0,train
0.3566749439387324,1,0.05350139416382657,1.0,train
0.22314355131420976,0,5.493725779688264,0.0,train
0.3566749439387324,0,4.969649743282974,0.0,train
0.22314355131420976,0,1.4292736918109958,0.0,train
0.3566749439387324,1,0.45647330254069735,1.0,train
0.05129329438755048,0,0.4609919602247383,0.0,train
0.22314355131420976,0,1.7114396000919763,0.0,train
0.05129329438755048,0,4.701691065781445,0.0,train
0.22314355131420976,2,0.05975971182235598,1.0,train
0.3566749439387324,0,0.9289953948270819,0.0,train
0.5108256237659907,2,0.34965777031477885,1.0,train
0.05129329438755048,0,3.1150885298826267,0.0,train
0.05129329438755048,0,3.5636183137747466,0.0,train
0.3566749439387324,0,4.991009463614665,0.0,train
0.10536051565782635,0,4.463009987003048,0.0,train
0.05129329438755048,0,5.056295484017465,0.0,train
0.3566749439387324,1,0.12580802804514402,1.0,train
0.22314355131420976,1,0.2936588988322902,1.0,train
0.5108256237659907,0,0.16171954349922446,0.0,train
0.22314355131420976,0,4.092591595067519,0.0,train
0.05129329438755048,0,1.9050424254261162,0.0,train
0.22314355131420976,0,3.590239366185033,0.0,train
0.3566749439387324,1,1.8431736167982968,1.0,train
0.3566749439387324,0,4.0369301498299865,0.0,train
0.3566749439387324,0,5.387162481441177,0.0,train
0.05129329438755048,0,1.966150718049724,0.0,train
0.5108256237659907,4,0.2034932020505979,1.0,train
0.22314355131420976,1,0.2126771090741881,1.0,train
0.5108256237659907,1,0.3708907086604112,1.0,train
0.3566749439387324,0,5.269023771701383,0.0,train
0.3566749439387324,0,5.638043353101124,0.0,train
0.3566749439387324,0,4.397148010539126,0.0,train
0.3566749439387324,0,2.397224415812653,0.0,train
0.3566749439387324,1,0.4465246786119953,1.0,train
0.22314355131420976,0,0.17417252128271654,0.0,train
0.5108256237659907,0,1.9303043108666496,0.0,train
0.05129329438755048,0,3.6297251255053693,0.0,train
0.5108256237659907,0,2.2319751028310835,0.0,train
0.05129329438755048,0,0.10884290672808117,0.0,train
0.5108256237659907,2,0.26356215448461406,0.0,train
0.3566749439387324,0,5.056209427626344,0.0,train
0.5108256237659907,2,0.13983740594851993,1.0,train
0.22314355131420976,0,2.0258963264898147,0.0,train
0.05129329438755048,0,3.1952345888178995,0.0,train
0.22314355131420976,0,3.4606426391796585,0.0,train
0.05129329438755048,0,5.454884871621397,0.0,train
0.5108256237659907,0,4.0835108325528955,0.0,train
0.05129329438755048,0,0.0710213432443847,0.0,train
0.22314355131420976,0,2.2010797659452734,0.0,train
0.10536051565782635,0,3.821497386379388,0.0,train
0.3566749439387324,0,1.852337185644101,0.0,train
0.22314355131420976,0,4.236341831989845,0.0,train
0.22314355131420976,2,0.06337883728859701,1.0,train
0.22314355131420976,0,1.26639371265128,0.0,train
0.05129329438755048,0,3.292672977463861,0.0,train
0.10536051565782635,1,2.8794918722077254,0.0,train
0.22314355131420976,1,0.9215152446273418,1.0,train
0.22314355131420976,0,3.8429465106109006,0.0,train
0.5108256237659907,0,0.18983730341329408,0.0,train
0.5108256237659907,0,2.945278765002304,0.0,train
0.5108256237659907,1,0.5652244715252553,1.0,train
0.22314355131420976,1,0.541036141958526,1.0,train
0.3566749439387324,3,0.23987955055542282,1.0,train
0.05129329438755048,0,3.150879298993756,0.0,train
0.10536051565782635,1,1.0244522983686746,1.0,train
0.22314355131420976,0,2.694504791089614,0.0,train
0.10536051565782635,0,2.876569206300326,0.0,train
0.5108256237659907,2,0.3104103315010285,0.0,train
0.5108256237659907,0,0.4666383357025896,0.0,train
0.05129329438755048,0,4.48828561471937,0.0,train
0.22314355131420976,1,0.012530615431003202,1.0,train
0.22314355131420976,0,0.48631927463977065,0.0,train
0.3566749439387324,0,3.6993256653123936,0.0,train
0.05129329438755048,0,2.734136580909122,0.0,train
0.22314355131420976,0,4.2063475468090665,0.0,train
0.5108256237659907,0,1.5729452750454447,0.0,train
0.10536051565782635,0,1.094001617817686,0.0,train
0.05129329438755048,0,1.9733296521105728,0.0,train
0.05129329438755048,0,1.1657318401328705,0.0,train
0.10536051565782635,0,4.397056330090088,0.0,train
0.22314355131420976,0,4.827198880150603,0.0,train
0.5108256237659907,3,0.11361527950197105,1.0,train
0.05129329438755048,0,5.5290519118349355,0.0,train
0.22314355131420976,0,1.5759765926406775,0.0,train
0.10536051565782635,0,0.34579726953298606,0.0,train
0.5108256237659907,9,0.0070383635170293175,1.0,train
0.05129329438755048,0,4.389180556457029,0.0,train
0.10536051565782635,0,2.9314634904391195,0.0,train
0.05129329438755048,0,1.424284752895279,0.0,train
0.3566749439387324,0,4.050976234439407,0.0,train
0.5108256237659907,1,0.399102144662686,1.0,train
0.10536051565782635,0,5.058151573273893,0.0,train
0.22314355131420976,0,5.92448992084185,0.0,train
0.05129329438755048,0,1.372070421135665,0.0,train
0.10536051565782635,0,0.5366055278399353,0.0,train
0.22314355131420976,0,3.3467379945065914,0.0,train
0.05129329438755048,0,5.0676561692524045,0.0,train
0.05129329438755048,1,2.0048067362382564,1.0,train
0.5108256237659907,1,0.11517280183898958,1.0,train
0.10536051565782635,0,0.0494680301429542,0.0,train
0.22314355131420976,0,2.3609428783508752,0.0,train
0.3566749439387324,2,0.018488548230419746,1.0,train
0.10536051565782635,0,0.5590111662066857,0.0,train
0.22314355131420976,0,4.1024104196129425,0.0,train
0.5108256237659907,0,4.9506431132376605,0.0,train
0.3566749439387324,2,0.26922703876863235,1.0,train
0.5108256237659907,2,0.2388296019042168,1.0,train
0.22314355131420976,0,4.442771153353718,0.0,train
0.5108256237659907,0,5.567713207057339,0.0,train
0.22314355131420976,0,0.2568426781123019,0.0,train
0.5108256237659907,0,1.047200408608802,0.0,train
0.22314355131420976,1,1.7517118329047647,1.0,train
0.3566749439387324,0,1.6477616878651997,0.0,train
0.05129329438755048,0,4.819416092775445,0.0,train
0.5108256237659907,0,5.173922843361523,0.0,train
0.3566749439387324,0,1.7014576074804917,0.0,train
0.5108256237659907,0,3.180760360719927,0.0,train
0.22314355131420976,0,4.995385659748679,0.0,train
0.05129329438755048,0,0.055946621261595775,0.0,train
0.05129329438755048,0,2.271152646422436,0.0,train
0.22314355131420976,1,0.7452608391491092,1.0,train
0.3566749439387324,0,3.904356917255517,0.0,train
0.10536051565782635,0,2.5360208277631644,0.0,train
0.05129329438755048,1,0.3912935241345524,1.0,train
0.3566749439387324,0,0.8144393327130974,0.0,train
0.10536051565782635,0,4.851466165982095,0.0,train
0.22314355131420976,0,0.9951982889827404,0.0,train
0.05129329438755048,0,3.6126873841720695,0.0,train
0.3566749439387324,0,1.0962459982601653,0.0,train
0.05129329438755048,0,0.6580061529460854,0.0,train
0.3566749439387324,0,4.647871403710242,0.0,train
0.22314355131420976,0,1.5639822626567947,0.0,train
0.3566749439387324,0,2.935338515542117,0.0,train
0.05129329438755048,0,3.8640579143930713,0.0,train
0.3566749439387324,1,0.6762795968616764,1.0,train
0.05129329438755048,0,1.2954109067747965,0.0,train
0.05129329438755048,0,0.33962928317913343,0.0,train
0.5108256237659907,0,2.1241453801652916,0.0,train
0.10536051565782635,0,4.800218363885606,0.0,train
0.22314355131420976,0,5.673111942511703,0.0,train
0.05129329438755048,0,5.428052813699311,0.0,train
0.5108256237659907,0,5.130947662052197,0.0,train
0.5108256237659907,1,1.4219821924060725,1.0,train
0.5108256237659907,0,2.8243152247383936,0.0,train
0.3566749439387324,0,4.59210401161134,0.0,train
0.3566749439387324,0,1.0562109891120666,0.0,train
0.3566749439387324,0,2.5158523067972736,0.0,train
0.5108256237659907,0,3.7200807265315934,0.0,train
0.05129329438755048,0,3.011492429257258,0.0,train
0.5108256237659907,0,5.847193525799491,0.0,train
0.05129329438755048,0,5.417850673455015,0.0,train
0.5108256237659907,0,5.698478710358515,0.0,train
0.3566749439387324,0,3.955279528050352,0.0,train
0.5108256237659907,0,2.72581641995633,0.0,train
0.10536051565782635,0,4.387456717021578,0.0,train
0.22314355131420976,0,4.007299447689723,0.0,train
0.22314355131420976,0,2.471365460522876,0.0,train
0.5108256237659907,2,0.8836495899562147,0.0,train
0.3566749439387324,4,0.0300771477151776,1.0,train
0.3566749439387324,1,1.6798634074834777,1.0,train
0.5108256237659907,0,5.670855416332437,0.0,train
0.22314355131420976,0,0.21106840794184056,0.0,train
0.22314355131420976,0,0.6322379958419071,0.0,train
0.10536051565782635,1,0.26687872395961726,1.0,train
0.22314355131420976,0,1.7730987914324225,0.0,train
0.05129329438755048,0,3.238928296328983,0.0,train
0.10536051565782635,0,1.3147424694803496,0.0,train
0.05129329438755048,1,1.0728591158354273,1.0,train
0.05129329438755048,0,0.39996520095591825,0.0,train
0.10536051565782635,0,2.94570175020041,0.0,train
0.05129329438755048,0,1.0565790451946886,0.0,train
0.5108256237659907,2,0.009332281940417492,1.0,train
0.3566749439387324,3,0.01231582455535028,1.0,train
0.5108256237659907,0,3.0247760695713755,0.0,train
0.10536051565782635,0,3.624535278526369,0.0,train
0.05129329438755048,0,2.7475749796611515,0.0,train
0.05129329438755048,0,4.889024032523732,0.0,train
0.10536051565782635,0,2.4074040729018997,0.0,train
0.10536051565782635,0,3.1664825937615837,0.0,train
0.10536051565782635,0,1.325030427842694,0.0,train
0.10536051565782635,0,4.743851559567604,0.0,train
0.10536051565782635,0,0.7756209977832227,0.0,train
0.22314355131420976,0,4.9911940355558695,0.0,train
0.3566749439387324,0,3.3271549729818988,0.0,train
0.3566749439387324,0,1.3213859395887824,0.0,train
0.22314355131420976,0,1.384191696482362,0.0,train
0.3566749439387324,2,0.4011502208567942,1.0,train
0.5108256237659907,0,4.687533255307372,0.0,train
0.05129329438755048,0,3.376625371377262,0.0,train
0.3566749439387324,0,2.906623027466363,0.0,train
0.5108256237659907,0,4.373871510976407,0.0,train
0.3566749439387324,1,0.4318824928856229,1.0,train
0.5108256237659907,0,0.8508101179527865,0.0,train
0.05129329438755048,0,0.26584760438951505,0.0,train
0.10536051565782635,0,3.4970141396889147,0.0,train
0.5108256237659907,0,2.3599173805781053,0.0,train
0.3566749439387324,0,0.4057360475417562,0.0,train
0.3566749439387324,10,0.08012505251812715,1.0,train
0.10536051565782635,0,2.424851646283176,0.0,train
0.22314355131420976,0,3.4034811070323077,0.0,train
0.10536051565782635,1,1.694408361469235,0.0,train
0.10536051565782635,0,4.874044963445367,0.0,train
0.05129329438755048,0,1.2737981993163507,0.0,train
0.3566749439387324,0,1.736312771770344,0.0,train
0.22314355131420976,0,2.4804830830571607,0.0,train
0.10536051565782635,0,0.03970126830539367,0.0,train
0.10536051565782635,0,0.0789895287479292,0.0,train
0.22314355131420976,0,3.2833988708000703,0.0,train
0.05129329438755048,0,5.335322425969437,0.0,train
0.5108256237659907,0,3.1853575568792047,0.0,train
0.3566749439387324,0,1.090038454661501,0.0,train
0.05129329438755048,0,0.1031016471323638,0.0,train
0.10536051565782635,0,2.199121136998139,0.0,train
0.3566749439387324,4,0.45060185346254455,1.0,train
0.05129329438755048,0,5.376275243874884,0.0,train
0.10536051565782635,0,1.744774492239039,0.0,train
0.10536051565782635,0,2.3290965484053734,0.0,train
0.3566749439387324,0,2.041161092062984,0.0,train
0.3566749439387324,0,0.671318693380696,0.0,train
0.05129329438755048,0,4.869076846423344,0.0,train
0.5108256237659907,0,4.72215168233351,0.0,train
0.22314355131420976,1,1.5848090997634732,1.0,train
0.22314355131420976,0,1.05751680187758,0.0,train
0.22314355131420976,1,1.3955236394428936,1.0,train
0.05129329438755048,0,3.2957337536901203,0.0,train
0.5108256237659907,0,2.182768289143756,0.0,train
0.22314355131420976,0,1.6129495097504762,0.0,train
0.5108256237659907,3,0.3799754155356922,1.0,train
0.05129329438755048,0,5.080917486816054,0.0,train
0.10536051565782635,1,5.4506258446908085,1.0,train
0.22314355131420976,0,4.837925914201314,0.0,train
0.3566749439387324,0,4.831549952965558,0.0,train
0.05129329438755048,0,0.8141368135962084,0.0,train
0.5108256237659907,0,0.2377502830818068,0.0,train
0.05129329438755048,0,4.172756843225248,0.0,train
0.10536051565782635,1,2.680421915527995,1.0,train
0.5108256237659907,0,5.021208082351292,0.0,train
0.10536051565782635,0,3.5910534695596183,0.0,train
0.22314355131420976,0,0.06417751435444674,0.0,train
0.3566749439387324,0,5.736197776248279,0.0,train
0.05129329438755048,0,4.417012095194581,0.0,train
0.10536051565782635,0,0.07711746276146303,0.0,train
0.5108256237659907,2,0.20321548152127103,1.0,train
0.10536051565782635,0,0.3612611158005379,0.0,train
0.5108256237659907,0,4.379365159528922,0.0,train
0.3566749439387324,1,0.42576559246772533,1.0,train
0.5108256237659907,0,1.0183793766368179,0.0,train
0.10536051565782635,0,1.0579513865636416,0.0,train
0.3566749439387324,0,4.1297231694832375,0.0,train
0.22314355131420976,0,5.865378504215789,0.0,train
0.5108256237659907,0,1.7397788613834777,0.0,train
0.3566749439387324,0,1.146202928999861,0.0,train
0.10536051565782635,0,4.765072485506281,0.0,train
0.05129329438755048,0,3.729886666893003,0.0,train
0.3566749439387324,2,0.2999170426029747,1.0,train
0.05129329438755048,0,0.7653606958869981,0.0,train
0.22314355131420976,0,2.7787916600916756,0.0,train
0.5108256237659907,0,2.2832408615044844,0.0,train
0.3566749439387324,0,1.3308490630899628,0.0,train
0.5108256237659907,0,0.9764135786115655,0.0,train
0.05129329438755048,0,2.5074610955196093,0.0,train
0.5108256237659907,1,0.7431875280035296,1.0,train
0.3566749439387324,0,1.0899818752485528,0.0,train
0.05129329438755048,0,1.532634423813606,0.0,train
0.5108256237659907,0,1.0492591310902373,0.0,train
0.5108256237659907,0,5.195816183146153,0.0,train
0.05129329438755048,0,3.211690344085468,0.0,train
0.5108256237659907,3,0.21609069781500903,1.0,train
0.22314355131420976,0,4.207258992357446,0.0,train
0.10536051565782635,0,4.784500896691103,0.0,train
0.5108256237659907,3,0.058972592242475655,1.0,train
0.05129329438755048,0,2.4673411169745445,0.0,train
0.22314355131420976,0,5.257504439412712,0.0,train
0.10536051565782635,0,5.730070783558173,0.0,train
0.22314355131420976,0,1.4115148917208842,0.0,train
0.05129329438755048,0,4.436409188961929,0.0,train
0.10536051565782635,0,4.222590485225352,0.0,train
0.3566749439387324,0,5.580355093702641,0.0,train
0.05129329438755048,0,1.66986785925735,0.0,train
0.10536051565782635,0,5.365213246612605,0.0,train
0.3566749439387324,0,1.4679714288859502,0.0,train
0.22314355131420976,1,0.954998729601495,0.0,train
0.3566749439387324,1,2.2237473792515576,0.0,train
0.5108256237659907,5,0.2799115141991286,1.0,train
0.05129329438755048,0,1.7353187449848904,0.0,train
0.3566749439387324,2,0.09186087802224985,0.0,train
0.22314355131420976,0,0.9833340397639858,0.0,train
0.05129329438755048,0,4.131575318874943,0.0,train
0.3566749439387324,1,1.9577304439747447,1.0,train
0.3566749439387324,1,0.8325697366098491,1.0,train
0.05129329438755048,1,0.1479980184237009,1.0,train
0.22314355131420976,1,0.645513776728894,1.0,train
0.3566749439387324,0,2.8419383387645785,0.0,train
0.5108256237659907,0,2.0614338399452654,0.0,train
0.3566749439387324,0,5.863644622481523,0.0,train
0.22314355131420976,0,2.6466862648786993,0.0,train
0.10536051565782635,0,3.4679280158570256,0.0,train
0.22314355131420976,1,0.1789001075745486,1.0,train
0.10536051565782635,0,4.7531831046457995,0.0,train
0.22314355131420976,0,1.3434651987356743,0.0,train
0.05129329438755048,0,0.23796785957721456,0.0,train
0.5108256237659907,2,0.09732138280258089,1.0,train
0.10536051565782635,0,5.512559351857854,0.0,train
0.22314355131420976,0,3.5054961294626223,0.0,train
0.05129329438755048,1,1.3643635348951781,1.0,train
0.05129329438755048,0,0.5275177939006268,0.0,train
0.22314355131420976,0,4.129548363526364,0.0,train
0.22314355131420976,0,5.483154647715942,0.0,train
0.5108256237659907,0,3.8385152896246417,0.0,train
0.05129329438755048,0,4.169239419745602,0.0,train
0.05129329438755048,0,1.6081601554892686,0.0,train
0.3566749439387324,0,5.654003799282577,0.0,train
0.22314355131420976,1,0.1318660306894399,1.0,train
0.3566749439387324,0,0.3491732172158164,0.0,train
0.5108256237659907,2,0.7806376635067421,1.0,train
0.10536051565782635,0,0.6065663055319708,0.0,train
0.3566749439387324,0,4.327508572317327,0.0,train
0.22314355131420976,0,2.5440540221418706,0.0,train
0.05129329438755048,0,3.6000687648557657,0.0,train
0.3566749439387324,0,1.345387538521013,0.0,train
0.3566749439387324,1,0.3000744534641619,1.0,train
0.10536051565782635,0,0.9381977805330683,0.0,train
0.5108256237659907,0,5.757578836606454,0.0,train
0.10536051565782635,0,3.3663324196567785,0.0,train
0.22314355131420976,0,5.601315911032533,0.0,train
0.10536051565782635,0,5.544086827811483,0.0,train
0.22314355131420976,1,1.1387029443729453,0.0,train
0.10536051565782635,0,5.1411585305225795,0.0,train
0.05129329438755048,0,2.790728417459137,0.0,train
0.22314355131420976,1,0.394447346577553,1.0,train
0.05129329438755048,0,0.34107417057004685,0.0,train
0.05129329438755048,0,0.3119422741579465,0.0,train
0.05129329438755048,0,0.7505991375961589,0.0,train
0.05129329438755048,0,5.274919755347032,0.0,train
0.5108256237659907,2,0.19318673446172865,1.0,train
0.05129329438755048,0,1.709188705509125,0.0,train
0.22314355131420976,0,1.1209486898179806,0.0,train
0.5108256237659907,0,2.2070518791056504,0.0,train
0.05129329438755048,0,3.5925426873657784,0.0,train
0.05129329438755048,0,5.707422007968596,0.0,train
0.10536051565782635,0,3.685819597541482,0.0,train
0.05129329438755048,0,4.532969301830313,0.0,train
0.05129329438755048,0,0.050589272938295515,0.0,train
0.5108256237659907,1,0.6571537080343902,1.0,train
0.22314355131420976,0,2.8144692076063116,0.0,train
0.22314355131420976,0,4.319637040351314,0.0,train
0.5108256237659907,0,4.522493971114158,0.0,train
0.3566749439387324,2,0.3691118691212665,1.0,train
0.3566749439387324,0,5.1976316093820065,0.0,train
0.05129329438755048,0,4.6226234887675535,0.0,train
0.10536051565782635,0,5.064197571810039,0.0,train
0.10536051565782635,0,4.9666438637871435,0.0,train
0.05129329438755048,1,3.094966465539683,1.0,train
0.5108256237659907,5,0.11684982730112392,1.0,train
0.10536051565782635,0,5.201072212584531,0.0,train
0.05129329438755048,0,1.0917616063545141,0.0,train
0.5108256237659907,0,3.6254065700892966,0.0,train
0.3566749439387324,0,5.1327750834699,0.0,train
0.10536051565782635,0,4.76639177046032,0.0,train
0.10536051565782635,0,1.9405805396347036,0.0,train
0.3566749439387324,7,0.12690990536823724,1.0,train
0.10536051565782635,0,4.177086947194913,0.0,train
0.22314355131420976,0,2.7945077479744467,0.0,train
0.3566749439387324,0,1.2123231067257232,0.0,train
0.10536051565782635,0,4.114990144046575,0.0,train
0.10536051565782635,0,1.6108587724675252,0.0,train
0.5108256237659907,0,2.1320074220343486,0.0,train
0.5108256237659907,4,0.1901716533081832,0.0,train
0.05129329438755048,0,3.3866469642617725,0.0,train
0.5108256237659907,2,1.9783497458936516,1.0,train
0.5108256237659907,2,0.9312703637901206,1.0,train
0.22314355131420976,0,5.264612306786297,0.0,train
0.05129329438755048,0,0.30981594724682426,0.0,train
0.22314355131420976,0,2.535426616083088,0.0,train
0.3566749439387324,0,1.9847354509100408,0.0,train
0.05129329438755048,0,3.090696783250274,0.0,train
0.22314355131420976,0,3.7688632225263814,0.0,train
0.10536051565782635,0,3.625930952702004,0.0,train
0.5108256237659907,0,5.747092971645206,0.0,train
0.05129329438755048,0,1.7733995439644645,0.0,train
0.22314355131420976,0,4.879931589444203,0.0,train
0.10536051565782635,0,3.8943287508132083,0.0,train
0.22314355131420976,0,5.74567047510123,0.0,train
0.22314355131420976,0,0.04694637014587788,0.0,train
0.22314355131420976,1,1.4905035939861593,1.0,train
0.05129329438755048,0,3.720904916515077,0.0,train
0.05129329438755048,0,3.6201009369290658,0.0,train
0.22314355131420976,0,0.7359603446433345,0.0,train
0.05129329438755048,0,5.835241655570879,0.0,train
0.10536051565782635,0,1.2880916540812073,0.0,train
0.22314355131420976,0,4.495236259914947,0.0,train
0.05129329438755048,0,5.137420891347275,0.0,train
0.22314355131420976,0,0.305148247166932,0.0,train
0.22314355131420976,0,3.1011360598138316,0.0,train
0.5108256237659907,3,0.05552095958445758,1.0,train
0.3566749439387324,0,1.9326569592862293,0.0,train
0.3566749439387324,0,1.8611148750805488,0.0,train
0.3566749439387324,0,1.598137964676645,0.0,train
0.22314355131420976,0,2.4132252464303376,0.0,train
0.05129329438755048,0,2.6365294317202044,0.0,train
0.05129329438755048,0,4.285939455852315,0.0,train
0.5108256237659907,0,2.9496691873946204,0.0,train
0.5108256237659907,0,1.287245578960412,0.0,train
0.22314355131420976,0,3.126790240589524,0.0,train
0.10536051565782635,0,1.908483655588051,0.0,train
0.05129329438755048,0,5.73588335441051,0.0,train
0.10536051565782635,0,3.818196768031978,0.0,train
0.22314355131420976,0,5.0397011228813895,0.0,train
0.5108256237659907,1,0.8073518651707436,1.0,train
0.5108256237659907,3,0.2365101292709817,1.0,train
0.5108256237659907,1,0.2966637168301476,1.0,train
0.22314355131420976,0,0.09055893425256079,0.0,train
0.5108256237659907,2,0.5611601282054701,1.0,train
0.5108256237659907,0,2.0000759258475203,0.0,train
0.3566749439387324,0,5.077025131853041,0.0,train
0.5108256237659907,0,3.9371124900922205,0.0,train
0.22314355131420976,0,5.025506031115191,0.0,train
0.22314355131420976,0,4.880289991275312,0.0,train
0.05129329438755048,0,3.1331948614731964,0.0,train
0.5108256237659907,2,0.05567276380288089,0.0,train
0.5108256237659907,2,0.3899020834294885,1.0,train
0.05129329438755048,0,3.560474352662148,0.0,train
0.22314355131420976,2,0.3816096107465308,1.0,train
0.22314355131420976,0,2.766537350056459,0.0,train
0.22314355131420976,0,4.3699153851833845,0.0,train
0.5108256237659907,0,4.203060566740537,0.0,train
0.22314355131420976,0,3.479473158142779,0.0,train
0.3566749439387324,0,5.511075147115127,0.0,train
0.3566749439387324,0,2.21254313646778,0.0,train
0.3566749439387324,0,4.616122506282267,0.0,train
0.22314355131420976,0,2.7014332868521196,0.0,train
0.22314355131420976,0,1.7348034714405245,0.0,train
0.3566749439387324,0,4.780694007667739,0.0,train
0.10536051565782635,1,0.012638161038306617,0.0,train
0.3566749439387324,0,0.9893226174988834,0.0,train
0.10536051565782635,0,4.444589330707383,0.0,train
0.22314355131420976,0,1.2781504898432168,0.0,train
0.05129329438755048,0,1.6088535953101972,0.0,train
0.3566749439387324,1,3.7094538631232266,1.0,train
0.10536051565782635,0,1.1731186558583182,0.0,train
0.5108256237659907,2,0.10586850236301439,1.0,train
0.05129329438755048,0,5.112015009328963,0.0,train
0.10536051565782635,0,3.125741835707385,0.0,train
0.05129329438755048,0,1.2260149317926878,0.0,train
0.22314355131420976,0,2.7823077963559935,0.0,train
0.3566749439387324,0,1.3699829818279707,0.0,train
0.10536051565782635,0,0.22934550397146425,0.0,train
0.22314355131420976,0,5.435858723615262,0.0,train
0.3566749439387324,0,3.431705529666914,0.0,train
0.3566749439387324,0,5.886448908049374,0.0,train
0.10536051565782635,0,5.7806184290963385,0.0,train
0.3566749439387324,0,0.7103419212180906,0.0,train
0.22314355131420976,0,2.7441745622505467,0.0,train
0.05129329438755048,0,5.33165578631953,0.0,train
0.05129329438755048,0,4.786355338561686,0.0,train
0.22314355131420976,0,0.6131120785814281,0.0,train
0.10536051565782635,0,2.207199313536221,0.0,train
0.10536051565782635,1,0.4581350514845582,1.0,train
0.05129329438755048,0,4.457233677549661,0.0,train
0.05129329438755048,0,0.9800583198606074,0.0,train
0.22314355131420976,2,0.10204814358796077,1.0,train
0.22314355131420976,0,1.0919085563429252,0.0,train
0.22314355131420976,0,4.5352197058470365,0.0,train
0.5108256237659907,0,0.09719688483673727,0.0,train
0.22314355131420976,0,4.142504802619024,0.0,train
0.3566749439387324,0,4.288104133005064,0.0,train
0.05129329438755048,0,0.26885900858684186,0.0,train
0.3566749439387324,0,3.8920985729357462,0.0,train
0.05129329438755048,0,0.991001770060369,0.0,train
0.10536051565782635,0,4.985038543811028,0.0,train
0.5108256237659907,2,0.228645091493015,1.0,train
0.10536051565782635,1,0.3415681334322934,1.0,train
0.22314355131420976,0,3.048530212621592,0.0,train
0.3566749439387324,0,0.735478770983786,0.0,train
0.05129329438755048,0,1.4518240485073362,0.0,train
0.5108256237659907,0,3.853481797260396,0.0,train
0.5108256237659907,2,0.20426737965920366,1.0,train
0.3566749439387324,1,1.6692006483736839,1.0,train
0.5108256237659907,0,3.5697789314590866,0.0,train
0.5108256237659907,6,0.014251098272699724,1.0,train
0.3566749439387324,1,2.5252131236014232,1.0,train
0.22314355131420976,0,3.8549038222236733,0.0,train
0.5108256237659907,0,2.8187524655922482,0.0,train
0.5108256237659907,0,0.3747772465151884,0.0,train
0.10536051565782635,0,3.2917284070592236,0.0,train
0.3566749439387324,0,5.1045182128857345,0.0,train
0.5108256237659907,0,1.7000491682497123,0.0,train
0.10536051565782635,0,2.6462253375474925,0.0,train
0.22314355131420976,0,1.2625621902066033,0.0,train
0.5108256237659907,1,0.3487551966649038,1.0,train
0.5108256237659907,2,0.03251244258412992,1.0,train
0.22314355131420976,1,1.8734505385819018,1.0,train
0.10536051565782635,0,3.4200442158376716,0.0,train
0.05129329438755048,0,3.857835965272319,0.0,train
0.10536051565782635,0,5.383491465045898,0.0,train
0.22314355131420976,0,1.4569279537126807,0.0,train
0.10536051565782635,0,4.2215923887250915,0.0,train
0.3566749439387324,1,0.6881511231198163,1.0,train
0.3566749439387324,0,3.4780465040359836,0.0,train
0.10536051565782635,0,3.208160326623937,0.0,train
0.22314355131420976,0,5.472141864337303,0.0,train
0.3566749439387324,0,2.067435345152182,0.0,train
0.5108256237659907,0,3.563496680694173,0.0,train
0.22314355131420976,1,1.5306607699667767,0.0,train
0.5108256237659907,1,0.4512349802397018,1.0,train
0.05129329438755048,0,0.8944067540416367,0.0,train
0.05129329438755048,0,0.3099720437687479,0.0,train
0.22314355131420976,3,0.4601367349155278,1.0,train
0.3566749439387324,0,5.877861061839433,0.0,train
0.05129329438755048,0,5.985825225979177,0.0,train
0.5108256237659907,4,0.25400836210713124,1.0,train
0.10536051565782635,0,3.4883335196624135,0.0,train
0.5108256237659907,0,4.665833507556613,0.0,train
0.10536051565782635,0,0.23588769458326775,0.0,train
0.3566749439387324,1,0.9520986895210202,1.0,train
0.22314355131420976,0,1.2323915960531264,0.0,train
0.22314355131420976,0,5.030247470309488,0.0,train
0.05129329438755048,0,4.977065111962628,0.0,train
0.10536051565782635,0,3.65357719288213,0.0,train
0.10536051565782635,1,1.254225979803529,0.0,train
0.3566749439387324,2,0.38716797687247284,1.0,train
0.22314355131420976,0,3.5957323741899696,0.0,train
0.5108256237659907,7,0.04313635757601069,1.0,train
0.05129329438755048,0,1.1818055215013912,0.0,train
0.05129329438755048,0,0.5249899984475299,0.0,train
0.3566749439387324,0,5.56811798485262,0.0,train
0.10536051565782635,0,2.082783062937172,0.0,train
0.22314355131420976,1,0.792229462568853,1.0,train
0.05129329438755048,0,4.90554266442278,0.0,train
0.5108256237659907,1,0.4659641221115893,1.0,train
0.10536051565782635,0,4.216080089970009,0.0,train
0.5108256237659907,1,1.954123153172324,1.0,train
0.3566749439387324,0,3.737195300371117,0.0,train
0.10536051565782635,0,3.922131371252373,0.0,train
0.5108256237659907,0,4.150169286255814,0.0,train
0.22314355131420976,0,5.758479513454545,0.0,train
0.5108256237659907,0,5.456205140478481,0.0,train
0.5108256237659907,4,0.12947913148378562,1.0,train
0.05129329438755048,0,4.454717143729972,0.0,train
0.10536051565782635,0,0.21069534299460013,0.0,train
0.3566749439387324,2,0.43142208688532113,0.0,train
0.3566749439387324,9,0.11018085518328774,1.0,train
0.5108256237659907,0,4.9126362938237085,0.0,train
0.22314355131420976,0,4.255862283399949,0.0,train
0.22314355131420976,1,0.5501689221951191,0.0,train
0.3566749439387324,0,3.522858860534561,0.0,train
0.3566749439387324,1,1.6103532798106543,1.0,train
0.05129329438755048,1,0.0616612600184503,1.0,train
0.05129329438755048,0,0.026125152625449566,0.0,train
0.3566749439387324,0,4.89168089654106,0.0,train
0.10536051565782635,0,3.417589974807643,0.0,train
0.10536051565782635,0,5.940788901350597,0.0,train
0.22314355131420976,0,3.436096761265796,0.0,train
0.05129329438755048,0,0.3600107846064009,0.0,train
0.3566749439387324,1,0.8181042622043937,1.0,train
0.5108256237659907,1,0.1293371939061033,1.0,train
0.05129329438755048,0,4.750014919376692,0.0,train
0.22314355131420976,0,4.440327294478099,0.0,train
0.3566749439387324,4,0.2349276221357747,1.0,train
0.22314355131420976,0,5.020731020678004,0.0,train
0.22314355131420976,0,4.213324496800681,0.0,train
0.22314355131420976,1,0.9619861172789379,1.0,train
0.10536051565782635,0,2.93903736889801,0.0,train
0.05129329438755048,0,3.1937732417188385,0.0,train
0.22314355131420976,0,2.063606967120844,0.0,train
0.22314355131420976,0,3.2898850083294464,0.0,train
0.05129329438755048,0,1.464484832743663,0.0,train
0.10536051565782635,0,0.08585679427806503,0.0,train
0.5108256237659907,13,0.0334855420770044,1.0,train
0.10536051565782635,0,3.8188190114709464,0.0,train
0.22314355131420976,0,0.5507068962009936,0.0,train
0.22314355131420976,0,0.7805370990956328,0.0,train
0.3566749439387324,1,0.29880842605509567,1.0,train
0.22314355131420976,0,4.255157206763235,0.0,train
0.5108256237659907,0,1.2387819558172495,0.0,train
0.10536051565782635,0,4.860138484874816,0.0,train
0.3566749439387324,0,4.8643545068465155,0.0,train
0.10536051565782635,2,0.6079436658992134,0.0,train
0.10536051565782635,0,1.8853747421334532,0.0,train
0.3566749439387324,0,5.624698094311084,0.0,train
0.5108256237659907,0,0.1435659160918017,0.0,train
0.22314355131420976,0,4.187225251240668,0.0,train
0.3566749439387324,0,0.25300137057821304,0.0,train
0.3566749439387324,1,0.11990740545315165,1.0,train
0.5108256237659907,0,0.4369057565349832,0.0,train
0.10536051565782635,0,1.5607195479120517,0.0,train
0.3566749439387324,0,0.3750694492668101,0.0,train
0.22314355131420976,0,4.286840393015802,0.0,train
0.10536051565782635,0,5.108804919087146,0.0,train
0.22314355131420976,1,0.22757654566563246,1.0,train
0.5108256237659907,0,3.1001207731784843,0.0,train
0.5108256237659907,0,4.431919380022011,0.0,train
0.05129329438755048,0,3.320707801121584,0.0,train
0.3566749439387324,0,3.4708413808528604,0.0,train
0.05129329438755048,0,0.5706058480840408,0.0,train
0.5108256237659907,1,0.022384710321888657,1.0,train
0.3566749439387324,0,5.122651281989048,0.0,train
0.3566749439387324,0,5.184302101074383,0.0,train
0.5108256237659907,1,0.13176634757326422,0.0,train
0.3566749439387324,0,1.563098309957086,0.0,train
0.10536051565782635,0,5.313654225997597,0.0,train
0.10536051565782635,0,5.522464838382183,0.0,train
0.22314355131420976,0,3.2221016311662503,0.0,train
0.3566749439387324,0,2.5522795294599283,0.0,train
0.5108256237659907,2,1.1409233047074854,1.0,train
0.3566749439387324,0,4.9959053023729965,0.0,train
0.22314355131420976,0,0.8310565028105488,0.0,train
0.05129329438755048,0,4.5733118862296385,0.0,train
0.3566749439387324,3,0.2818551907414279,1.0,train
0.10536051565782635,0,1.5531529865039746,0.0,train
0.22314355131420976,0,2.7186503635931856,0.0,train
0.5108256237659907,2,0.18757842174914052,0.0,train
0.5108256237659907,1,0.46785931290864463,1.0,train
0.22314355131420976,2,0.19193300840000316,1.0,train
0.3566749439387324,0,5.837567363746722,0.0,train
0.22314355131420976,0,5.971010531804661,0.0,train
0.5108256237659907,1,1.5520588832544115,1.0,train
0.5108256237659907,0,0.39926477883572953,0.0,train
0.05129329438755048,0,3.3652093674397423,0.0,train
0.05129329438755048,0,1.0028183109219109,0.0,train
0.3566749439387324,0,1.4083523071570179,0.0,train
0.3566749439387324,2,0.201981715919507,1.0,train
0.10536051565782635,0,2.3237451235485658,0.0,train
0.5108256237659907,0,1.152406250278896,0.0,train
0.3566749439387324,1,0.3979165232766763,1.0,train
0.10536051565782635,0,3.3824192235923,0.0,train
0.22314355131420976,4,0.5995018655259203,0.0,train
0.5108256237659907,0,2.924163232766116,0.0,train
0.22314355131420976,0,5.6963105102936575,0.0,train
0.10536051565782635,0,5.184564149500672,0.0,train
0.3566749439387324,0,5.62146380330528,0.0,train
0.05129329438755048,1,0.6295302450034872,1.0,train
0.05129329438755048,0,4.36688120705523,0.0,train
0.05129329438755048,0,1.0109861556864543,0.0,train
0.10536051565782635,1,0.07477613253149323,1.0,train
0.22314355131420976,1,0.1433558558398194,1.0,train
0.10536051565782635,0,2.858671035334851,0.0,train
0.5108256237659907,4,0.08006420378322421,1.0,train
0.5108256237659907,1,0.06249859399697478,1.0,train
0.10536051565782635,0,0.13858062376217584,0.0,train
0.5108256237659907,0,3.3388107407769487,0.0,train
0.22314355131420976,0,5.616132955566554,0.0,train
0.22314355131420976,0,5.135131164163928,0.0,train
0.22314355131420976,1,0.6124944276919873,1.0,train
0.5108256237659907,2,1.1237834518572483,1.0,train
0.5108256237659907,0,4.464849987524938,0.0,train
0.22314355131420976,0,4.037812417829231,0.0,train
0.05129329438755048,0,3.7524607280126876,0.0,train
0.5108256237659907,0,2.993945694839106,0.0,train
0.10536051565782635,0,2.15632281830141,0.0,train
0.05129329438755048,0,3.305111854953077,0.0,train
0.3566749439387324,0,1.7045102213125172,0.0,train
0.10536051565782635,0,0.9086594306370495,0.0,train
0.3566749439387324,0,5.975737485049961,0.0,train
0.5108256237659907,0,2.1934162118449523,0.0,train
0.3566749439387324,0,5.323992586273446,0.0,train
0.22314355131420976,0,5.497402590533845,0.0,train
0.3566749439387324,0,2.152248069427503,0.0,train
0.05129329438755048,0,5.307544186651106,0.0,train
0.22314355131420976,0,5.5074228588023875,0.0,train
0.3566749439387324,1,0.12558119727755637,1.0,train
0.22314355131420976,0,3.5337329717746244,0.0,train
0.05129329438755048,0,1.9978939892079803,0.0,train
0.5108256237659907,0,3.2283779287131953,0.0,train
0.3566749439387324,0,0.6751834951745426,0.0,train
0.10536051565782635,0,2.7677103265678413,0.0,train
0.3566749439387324,0,1.1237439045789133,0.0,train
0.22314355131420976,0,1.1693061048716047,0.0,train
0.05129329438755048,0,3.7273789238425645,0.0,train
0.3566749439387324,2,0.46904225618583617,1.0,train
0.05129329438755048,0,0.5346167371559056,0.0,train
0.22314355131420976,0,3.4569381830949415,0.0,train
0.3566749439387324,0,5.889230903860986,0.0,train
0.3566749439387324,0,4.342658933948962,0.0,train
0.10536051565782635,1,0.1523780675235499,1.0,train
0.10536051565782635,0,3.2488195381297706,0.0,train
0.05129329438755048,0,1.6350181691423378,0.0,train
0.22314355131420976,2,0.1959761550768315,1.0,train
0.5108256237659907,0,5.51529855436193,0.0,train
0.5108256237659907,0,0.05799360351819538,0.0,train
0.05129329438755048,0,3.9482497084829946,0.0,train
0.3566749439387324,0,5.355920848505239,0.0,train
0.3566749439387324,0,5.29504198973723,0.0,train
0.22314355131420976,0,5.0585673442142225,0.0,train
0.3566749439387324,0,3.5631999623159594,0.0,train
0.5108256237659907,0,1.0983666168652857,0.0,train
0.10536051565782635,0,2.7340887676584034,0.0,train
0.22314355131420976,0,3.854877475337827,0.0,train
0.3566749439387324,2,0.03626270441449898,1.0,train
0.10536051565782635,0,0.3724345227443635,0.0,train
0.05129329438755048,0,4.4988456173543945,0.0,train
0.3566749439387324,0,0.7693365400886094,0.0,train
0.10536051565782635,0,4.747953932463345,0.0,train
0.3566749439387324,0,4.24753689835363,0.0,train
0.5108256237659907,0,2.122241209505118,0.0,train
0.10536051565782635,0,2.4552897670789084,0.0,train
0.3566749439387324,0,5.589562898696384,0.0,train
0.05129329438755048,0,0.7809544297106679,0.0,train
0.22314355131420976,0,4.253686382375138,0.0,train
0.3566749439387324,0,5.2344445686565955,0.0,train
0.05129329438755048,0,0.13098757695420815,0.0,train
0.10536051565782635,0,1.9617872174971895,0.0,train
0.5108256237659907,0,1.2068539375428398,0.0,train
0.3566749439387324,0,4.404241074930713,0.0,train
0.05129329438755048,0,5.049647141775991,0.0,train
0.22314355131420976,1,0.036103729910236027,0.0,train
0.5108256237659907,7,0.0023803962812055787,1.0,train
0.10536051565782635,0,2.2292379225124748,0.0,train
0.3566749439387324,0,4.196232000430415,0.0,train
0.22314355131420976,0,0.6089334177319639,0.0,train
0.5108256237659907,0,2.1978908925025795,0.0,train
0.05129329438755048,0,2.6949648520757616,0.0,train
0.22314355131420976,2,0.050659032992131085,1.0,train
0.10536051565782635,0,0.5377214117335256,0.0,train
0.22314355131420976,0,2.3767011454539797,0.0,train
0.10536051565782635,0,4.007233664483392,0.0,train
0.10536051565782635,0,3.038918740372943,0.0,train
0.05129329438755048,1,2.2384212897344677,1.0,train
0.5108256237659907,2,0.1135085596743913,1.0,train
0.5108256237659907,0,5.312259542045804,0.0,train
0.10536051565782635,0,2.513289946431682,0.0,train
0.3566749439387324,0,2.9170788955988605,0.0,train
0.10536051565782635,0,1.6600852913274085,0.0,train
0.05129329438755048,0,3.198248294656808,0.0,train
0.3566749439387324,0,0.8722797231915782,0.0,train
0.10536051565782635,0,4.0188351306762735,0.0,train
0.3566749439387324,0,0.42867760924528375,0.0,train
0.05129329438755048,0,5.4057751541626775,0.0,train
0.05129329438755048,0,4.724771348311143,0.0,train
0.3566749439387324,0,3.145023369166327,0.0,train
0.5108256237659907,0,5.033080554258669,0.0,train
0.10536051565782635,0,0.6382749959878922,0.0,train
0.22314355131420976,1,0.07312891169786838,1.0,train
0.22314355131420976,0,2.5284515144544812,0.0,train
0.3566749439387324,1,1.848459173219676,1.0,train
0.22314355131420976,2,0.6992957836092012,1.0,train
0.5108256237659907,1,3.151000009342596,0.0,train
0.3566749439387324,2,0.7245550108068073,1.0,train
0.10536051565782635,0,5.01522898979884,0.0,train
0.3566749439387324,0,1.6404603628715964,0.0,train
0.5108256237659907,0,4.928088781753985,0.0,train
0.3566749439387324,0,3.47704079494567,0.0,train
0.05129329438755048,0,2.2369343841448748,0.0,train
0.22314355131420976,0,4.848840773932385,0.0,train
0.3566749439387324,0,4.7133828430296685,0.0,train
0.22314355131420976,0,2.7113507982769436,0.0,train
0.10536051565782635,1,0.9423972671775153,1.0,train
0.05129329438755048,0,4.509344199597798,0.0,train
0.5108256237659907,0,3.9911543176736464,0.0,train
0.22314355131420976,0,0.1881488850084665,0.0,train
0.10536051565782635,0,0.17410465041555545,0.0,train
0.3566749439387324,0,4.132690637451664,0.0,train
0.05129329438755048,0,0.41398890809261313,0.0,train
0.05129329438755048,0,0.1854247339580386,0.0,train
0.5108256237659907,0,2.0452731967048443,0.0,train
0.5108256237659907,0,5.299273852385878,0.0,train
0.10536051565782635,0,1.106799096712845,0.0,train
0.5108256237659907,0,3.110053253687802,0.0,train
0.05129329438755048,0,0.37174445876171114,0.0,train
0.5108256237659907,2,0.39692280573203026,1.0,train
0.5108256237659907,0,4.5370713478103495,0.0,train
0.3566749439387324,0,1.4949695605251239,0.0,train
0.05129329438755048,0,5.184408047043499,0.0,train
0.10536051565782635,0,0.20210419925554568,0.0,train
0.3566749439387324,1,0.32952848326330497,0.0,train
0.5108256237659907,0,2.1981127983693396,0.0,train
0.3566749439387324,0,2.360507245995751,0.0,train
0.22314355131420976,0,0.6848940174478675,0.0,train
0.22314355131420976,0,3.5737426514888293,0.0,train
0.05129329438755048,0,1.7564011898873724,0.0,train
0.05129329438755048,0,0.6126473374653161,0.0,train
0.3566749439387324,0,5.9163547670834395,0.0,train
0.05129329438755048,0,0.3254786321552092,0.0,train
0.05129329438755048,0,5.104367304152139,0.0,train
0.3566749439387324,0,4.993365839684109,0.0,train
0.5108256237659907,2,0.5868543838334871,1.0,train
0.22314355131420976,0,0.7433630855344557,0.0,train
0.10536051565782635,0,2.899921860594759,0.0,train
0.10536051565782635,0,2.764749612712195,0.0,train
0.22314355131420976,0,5.268010490203862,0.0,train
0.3566749439387324,1,1.8619383717607947,1.0,train
0.22314355131420976,0,1.2624472020183062,0.0,train
0.22314355131420976,0,5.690272763872195,0.0,train
0.5108256237659907,0,0.2926814516478222,0.0,train
0.22314355131420976,2,0.27082287063728616,1.0,train
0.5108256237659907,0,1.3862738018278948,0.0,train
0.05129329438755048,0,3.8056494216670926,0.0,train
0.3566749439387324,0,1.0076911607401922,0.0,train
0.22314355131420976,0,4.650835856070834,0.0,train
0.05129329438755048,0,3.4693557312177576,0.0,train
0.3566749439387324,1,0.9606822950751277,1.0,train
0.5108256237659907,1,1.3301238472448451,1.0,train
0.5108256237659907,0,5.061491420643583,0.0,train
0.05129329438755048,0,3.802491882803793,0.0,train
0.5108256237659907,0,1.2048284708583468,0.0,train
0.05129329438755048,0,0.38902466966083793,0.0,train
0.3566749439387324,0,2.2145227404178667,0.0,train
0.05129329438755048,0,0.32556267320101906,0.0,train
0.22314355131420976,0,2.3903491971207385,0.0,train
0.3566749439387324,0,1.0097470239283053,0.0,train
0.05129329438755048,0,5.974201017132383,0.0,train
0.10536051565782635,0,3.627521853081232,0.0,train
0.22314355131420976,0,3.8368432585476024,0.0,train
0.3566749439387324,3,0.11423373162900795,1.0,train
0.5108256237659907,0,5.368730426402352,0.0,train
0.05129329438755048,0,4.850020554803891,0.0,train
0.5108256237659907,10,0.019610395054678497,1.0,train
0.5108256237659907,0,2.54326804696707,0.0,train
0.05129329438755048,0,4.592513716344518,0.0,train
0.22314355131420976,0,1.4005860802019168,0.0,train
0.05129329438755048,1,0.020818673312403127,1.0,train
0.05129329438755048,0,0.536324713849128,0.0,train
0.22314355131420976,0,3.897407588093155,0.0,train
0.5108256237659907,0,4.894081727941583,0.0,train
0.05129329438755048,0,3.041195254133144,0.0,train
0.3566749439387324,0,0.38023368495369847,0.0,train
0.10536051565782635,0,5.540541089461771,0.0,train
0.5108256237659907,0,4.429565866442532,0.0,train
0.5108256237659907,11,0.0886556792386789,1.0,train
0.5108256237659907,2,0.3090638279968751,1.0,train
0.22314355131420976,1,1.7862127724557386,1.0,train
0.10536051565782635,1,0.2573624994537872,1.0,train
0.05129329438755048,1,1.3938884756347003,0.0,train
0.5108256237659907,0,0.37613634708682486,0.0,train
0.22314355131420976,0,0.8643899619501794,0.0,train
0.05129329438755048,0,0.8358213663204634,0.0,train
0.22314355131420976,1,0.17026748891847018,1.0,train
0.05129329438755048,0,5.441992439288829,0.0,train
0.22314355131420976,1,0.5413788158067769,1.0,train
0.22314355131420976,1,0.25470403787590107,1.0,train
0.3566749439387324,1,0.08483853065670517,1.0,train
0.10536051565782635,0,5.07356347775693,0.0,train
0.05129329438755048,0,4.025381151245929,0.0,train
0.22314355131420976,0,0.6111210474388904,0.0,train
0.22314355131420976,1,1.1165690426980621,1.0,train
0.22314355131420976,0,2.5048714446050697,0.0,train
0.05129329438755048,0,5.042155549926846,0.0,train
0.05129329438755048,0,0.14707214034267135,0.0,train
0.05129329438755048,0,0.60194979508127,0.0,train
0.10536051565782635,0,0.26601375735741994,0.0,train
0.22314355131420976,0,5.2987726035363085,0.0,train
0.5108256237659907,1,0.6256544192063309,0.0,train
0.22314355131420976,0,2.997687125112425,0.0,train
0.10536051565782635,0,1.4598960285468228,0.0,train
0.05129329438755048,0,1.7405068359597964,0.0,train
0.22314355131420976,0,3.197476827955232,0.0,train
0.5108256237659907,0,2.9945860356629375,0.0,train
0.3566749439387324,0,2.9998826397863914,0.0,train
0.22314355131420976,4,0.11513504179380601,1.0,train
0.5108256237659907,1,0.43447019501832906,1.0,train
0.22314355131420976,0,1.893216122268345,0.0,train
0.05129329438755048,0,2.4762026007984104,0.0,train
0.10536051565782635,0,1.2348016932956196,0.0,train
0.22314355131420976,0,1.7475740317535435,0.0,train
0.22314355131420976,0,3.730327177509915,0.0,train
0.5108256237659907,0,0.5323965364422254,0.0,train
0.22314355131420976,0,2.9676908474561348,0.0,train
0.10536051565782635,0,4.590365935458036,0.0,train
0.22314355131420976,0,1.0825791261804125,0.0,train
0.5108256237659907,0,4.025370140762227,0.0,train
0.5108256237659907,0,3.4041027301639457,0.0,train
0.05129329438755048,0,2.7015086496003073,0.0,train
0.3566749439387324,0,0.011496767568798694,0.0,train
0.05129329438755048,0,1.0087499594645668,0.0,train
0.5108256237659907,0,3.8744455426790854,0.0,train
0.10536051565782635,0,5.280696518640968,0.0,train
0.10536051565782635,0,5.690109822609406,0.0,train
0.5108256237659907,2,0.5263580818378029,1.0,train
0.05129329438755048,0,2.255160308888973,0.0,train
0.05129329438755048,0,0.9305355534535273,0.0,train
0.22314355131420976,0,0.2882678242154768,0.0,train
0.22314355131420976,0,0.5822456511403238,0.0,train
0.5108256237659907,0,3.120774873011125,0.0,train
0.10536051565782635,0,5.647682169672688,0.0,train
0.22314355131420976,0,3.0791562475793945,0.0,train
0.3566749439387324,1,3.0671532946795628,1.0,train
0.3566749439387324,0,1.0459449736506663,0.0,train
0.5108256237659907,3,0.27680619037307264,1.0,train
0.5108256237659907,0,2.8278730676956756,0.0,train
0.5108256237659907,0,3.2406665630398135,0.0,train
0.3566749439387324,0,4.09968130768342,0.0,train
0.22314355131420976,0,1.0384734096389086,0.0,train
0.05129329438755048,0,0.9334545037367636,0.0,train
0.22314355131420976,0,2.7692391052128738,0.0,train
0.5108256237659907,0,2.7991818284095564,0.0,train
0.5108256237659907,1,0.34720497413857354,1.0,train
0.5108256237659907,1,0.5612531581501822,1.0,train
0.05129329438755048,0,0.5727271995131866,0.0,train
0.22314355131420976,0,4.929132440474686,0.0,train
0.10536051565782635,0,2.422404876544147,0.0,train
0.3566749439387324,0,0.422556845022823,0.0,train
0.3566749439387324,0,3.723446105364192,0.0,train
0.5108256237659907,0,0.793876051149595,0.0,train
0.3566749439387324,0,0.7933353348100032,0.0,train
0.5108256237659907,3,0.014819912111153891,1.0,train
0.22314355131420976,0,2.1354891215901604,0.0,train
0.3566749439387324,4,0.4047893142990653,1.0,train
0.5108256237659907,0,4.663732442586235,0.0,train
0.5108256237659907,0,4.091806699375561,0.0,train
0.22314355131420976,0,0.7060395079869275,0.0,train
0.22314355131420976,0,3.012060663489316,0.0,train
0.5108256237659907,0,2.9542150286309408,0.0,train
0.3566749439387324,0,1.4127227995455045,0.0,train
0.05129329438755048,0,2.1362965318211913,0.0,train
0.22314355131420976,0,0.5494132665206568,0.0,train
0.05129329438755048,0,1.4235665639789299,0.0,train
0.10536051565782635,0,2.644674937867196,0.0,train
0.5108256237659907,0,1.6349979104201093,0.0,train
0.10536051565782635,0,3.4316877870050373,0.0,train
0.5108256237659907,0,4.142168309334659,0.0,train
0.05129329438755048,0,3.0328377819637633,0.0,train
0.5108256237659907,0,5.569101595599889,0.0,train
0.5108256237659907,0,5.496652293713064,0.0,train
0.22314355131420976,0,0.6072873842431352,0.0,train
0.5108256237659907,0,2.6511764247208736,0.0,train
0.05129329438755048,0,4.157874994871014,0.0,train
0.10536051565782635,0,4.111229827159438,0.0,train
0.5108256237659907,0,3.240372368240261,0.0,train
0.10536051565782635,0,4.364793138352701,0.0,train
0.5108256237659907,0,3.100257199095958,0.0,train
0.10536051565782635,0,1.256352620212175,0.0,train
0.22314355131420976,0,3.9590271632067093,0.0,train
0.22314355131420976,0,0.6291771224623404,0.0,train
0.10536051565782635,0,1.3620993390267224,0.0,train
0.22314355131420976,0,0.017682793500868543,0.0,train
0.5108256237659907,0,2.993136088435692,0.0,train
0.5108256237659907,1,0.13812039627900985,1.0,train
0.5108256237659907,1,1.3898998761912689,0.0,train
0.22314355131420976,0,2.1771716757220316,0.0,train
0.22314355131420976,0,0.5344786368572316,0.0,train
0.3566749439387324,0,2.801513690064829,0.0,train
0.05129329438755048,0,4.281727525890476,0.0,train
0.5108256237659907,0,4.7761205821561,0.0,train
0.05129329438755048,0,3.495659134767312,0.0,train
0.22314355131420976,1,0.15796207297657605,0.0,train
0.3566749439387324,1,1.2489137894157285,1.0,train
0.5108256237659907,0,0.7488407918789621,0.0,train
0.22314355131420976,0,4.585189449673719,0.0,train
0.10536051565782635,0,5.555338338577213,0.0,train
0.3566749439387324,0,2.741679211344119,0.0,train
0.22314355131420976,1,0.37480599948694127,0.0,train
0.3566749439387324,1,1.2789459840904234,1.0,train
0.05129329438755048,0,4.061566185679884,0.0,train
0.22314355131420976,0,1.0190306165896785,0.0,train
0.05129329438755048,0,0.7126567727943904,0.0,train
0.3566749439387324,0,4.902790227117064,0.0,train
0.3566749439387324,2,2.8205286601980095,1.0,train
0.05129329438755048,0,1.9418589296186188,0.0,train
0.10536051565782635,0,0.8053010532004927,0.0,train
0.10536051565782635,1,0.5431580579669348,0.0,train
0.05129329438755048,0,5.443288073287923,0.0,train
0.10536051565782635,0,4.577607944290676,0.0,train
0.05129329438755048,0,4.193459686202807,0.0,train
0.3566749439387324,0,5.731929219030538,0.0,train
0.10536051565782635,0,3.885603056896782,0.0,train
0.22314355131420976,0,4.477081712530557,0.0,train
0.5108256237659907,0,1.9720444704915845,0.0,train
0.10536051565782635,0,2.538235537595147,0.0,train
0.10536051565782635,1,0.15940203171880896,1.0,train
0.3566749439387324,0,2.715289802322074,0.0,train
0.22314355131420976,3,0.3875609934452789,1.0,train
0.10536051565782635,0,3.8947306250057667,0.0,train
0.05129329438755048,0,1.3850087385647145,0.0,train
0.3566749439387324,0,3.613648472823838,0.0,train
0.3566749439387324,0,4.3090358942868034,0.0,train
0.3566749439387324,0,0.41846215037239376,0.0,train
0.3566749439387324,0,4.2955841091739915,0.0,train
0.5108256237659907,0,1.3806620791678448,0.0,train
0.5108256237659907,0,3.481746402675384,0.0,train
0.10536051565782635,0,4.320380101974281,0.0,train
0.5108256237659907,5,0.17648542341400306,1.0,train
0.05129329438755048,0,5.045975515642991,0.0,train
0.5108256237659907,0,4.111894522082846,0.0,train
0.22314355131420976,0,3.490513022949632,0.0,train
0.5108256237659907,0,2.1615704433681993,0.0,train
0.10536051565782635,0,4.627714026787796,0.0,train
0.5108256237659907,0,4.012179508644599,0.0,train
0.05129329438755048,0,4.989459224205948,0.0,train
0.5108256237659907,1,1.9658702179472454,0.0,train
0.5108256237659907,0,3.9752343013606923,0.0,train
0.22314355131420976,0,5.426469435648786,0.0,train
0.22314355131420976,0,1.4382907736171544,0.0,train
0.5108256237659907,0,4.325292257743984,0.0,train
0.3566749439387324,0,3.5417586419378493,0.0,train
0.5108256237659907,0,5.722476046741253,0.0,train
0.10536051565782635,0,1.031445228252618,0.0,train
0.3566749439387324,0,3.4439585648969366,0.0,train
0.10536051565782635,0,4.2608260899292185,0.0,train
0.22314355131420976,0,4.495291455828893,0.0,train
0.5108256237659907,0,1.0889213202403458,0.0,train
0.5108256237659907,1,1.1070383290029742,1.0,train
0.10536051565782635,0,5.4942984963599795,0.0,train
0.5108256237659907,0,4.445995243391007,0.0,train
0.22314355131420976,0,3.588685390976864,0.0,train
0.22314355131420976,0,5.670830948570526,0.0,train
0.3566749439387324,0,2.76584267409182,0.0,train
0.05129329438755048,0,1.4271166722984872,0.0,train
0.05129329438755048,0,0.9448123886322239,0.0,train
0.05129329438755048,0,0.29931708848443717,0.0,train
0.3566749439387324,3,0.30496543558938927,1.0,train
0.05129329438755048,0,5.782237847526851,0.0,train
0.5108256237659907,1,0.2008818496730038,1.0,train
0.10536051565782635,0,3.756544391334981,0.0,train
0.22314355131420976,1,0.11665448105688386,1.0,train
0.10536051565782635,0,4.232122700064331,0.0,train
0.22314355131420976,0,5.690832851113061,0.0,train
0.10536051565782635,0,5.368499115377923,0.0,train
0.3566749439387324,0,1.5249961252765891,0.0,train
0.22314355131420976,0,0.19350455895360064,0.0,train
0.5108256237659907,0,2.763987340084223,0.0,train
0.22314355131420976,0,1.7718791644051752,0.0,train
0.3566749439387324,0,0.8454737418361769,0.0,train
0.05129329438755048,0,5.970102931575207,0.0,train
0.3566749439387324,0,0.8713617580813335,0.0,train
0.10536051565782635,0,1.1642976459289256,0.0,train
0.3566749439387324,0,4.904580633474534,0.0,train
0.22314355131420976,0,0.31879378865418384,0.0,train
0.05129329438755048,0,4.814405202069488,0.0,train
0.5108256237659907,0,0.06635691226180129,0.0,train
0.3566749439387324,1,1.076694165766986,1.0,train
0.05129329438755048,0,1.8610626272395572,0.0,train
0.10536051565782635,0,1.9012993120567387,0.0,train
0.10536051565782635,0,0.01581687537321108,0.0,train
0.22314355131420976,0,3.358516644676066,0.0,train
0.10536051565782635,0,4.745744809072716,0.0,train
0.22314355131420976,0,4.989419035014425,0.0,train
0.3566749439387324,0,4.178601148227442,0.0,train
0.22314355131420976,0,5.081026236464631,0.0,train
0.5108256237659907,2,0.8767199993021664,0.0,train
0.22314355131420976,0,0.4260706497387483,0.0,train
0.3566749439387324,0,1.790202132946243,0.0,train
0.05129329438755048,0,5.335207656231097,0.0,train
0.22314355131420976,0,5.895425705336826,0.0,train
0.22314355131420976,1,3.1105730091226955,1.0,train
0.5108256237659907,3,0.24628064019725598,1.0,train
0.5108256237659907,0,4.72417351950314,0.0,train
0.3566749439387324,0,4.0414869959679915,0.0,train
0.3566749439387324,1,1.261213713672584,1.0,train
0.5108256237659907,0,5.479327092229288,0.0,train
0.22314355131420976,0,0.8381981241788345,0.0,train
0.10536051565782635,0,3.5005726583207197,0.0,train
0.10536051565782635,0,3.9683858978563507,0.0,train
0.05129329438755048,0,1.2275153494943896,0.0,train
0.10536051565782635,0,5.205854041204162,0.0,train
0.22314355131420976,0,3.4838205850862463,0.0,train
0.10536051565782635,1,1.1508152432002599,1.0,train
0.22314355131420976,2,0.19063778042839594,1.0,train
0.3566749439387324,0,1.4188798664206912,0.0,train
0.05129329438755048,0,3.71168113934851,0.0,train
0.22314355131420976,1,0.6888129909164079,1.0,train
0.5108256237659907,0,5.927304864599741,0.0,train
0.5108256237659907,1,1.5918849932240726,1.0,train
0.10536051565782635,0,0.6055750344539228,0.0,val
0.3566749439387324,0,5.374405498299705,0.0,val
0.05129329438755048,0,4.62832847517113,0.0,val
0.5108256237659907,2,0.0010364198123704593,0.0,val
0.22314355131420976,0,2.262825163799553,0.0,val
0.5108256237659907,0,1.9446067350557694,0.0,val
0.05129329438755048,0,1.292028361809376,0.0,val
0.3566749439387324,0,4.826916604838326,0.0,val
0.22314355131420976,0,1.7959290637732848,0.0,val
0.05129329438755048,0,1.2696922053500772,0.0,val
0.22314355131420976,1,2.4408419280264697,0.0,val
0.05129329438755048,0,4.223557056852002,0.0,val
0.3566749439387324,0,1.0979656961652642,0.0,val
0.05129329438755048,0,1.3659488735724152,0.0,val
0.10536051565782635,0,2.8163036015527516,0.0,val
0.05129329438755048,0,0.4163242955034765,0.0,val
0.10536051565782635,0,3.831590125204968,0.0,val
0.3566749439387324,4,0.38759511498233234,1.0,val
0.10536051565782635,0,0.8759722793515261,0.0,val
0.10536051565782635,0,1.9458423808566043,0.0,val
0.5108256237659907,1,0.7849367101822856,1.0,val
0.05129329438755048,0,5.476697045936948,0.0,val
0.22314355131420976,0,3.211902473279384,0.0,val
0.5108256237659907,13,0.011624372375806935,0.0,val
0.05129329438755048,0,3.3314836221925046,0.0,val
0.3566749439387324,0,0.510903800156286,0.0,val
0.05129329438755048,0,4.596496565247419,0.0,val
0.05129329438755048,0,4.076718662746396,0.0,val
0.05129329438755048,0,2.407506209100437,0.0,val
0.3566749439387324,1,0.3308240197823116,1.0,val
0.05129329438755048,0,0.2171903638579844,0.0,val
0.3566749439387324,1,0.8905606926188114,1.0,val
0.10536051565782635,0,2.571723482985819,0.0,val
0.22314355131420976,0,0.3965645396668678,0.0,val
0.05129329438755048,0,1.3842729181081737,0.0,val
0.10536051565782635,0,4.9625543157916905,0.0,val
0.05129329438755048,1,0.5575165478216162,0.0,val
0.3566749439387324,0,3.810304846180819,0.0,val
0.3566749439387324,0,0.5250431867144407,0.0,val
0.5108256237659907,1,1.885603532246167,1.0,val
0.10536051565782635,0,5.779250238898118,0.0,val
0.5108256237659907,0,4.977964167758735,0.0,val
0.10536051565782635,0,1.2241622224654058,0.0,val
0.05129329438755048,0,2.145587051201546,0.0,val
0.05129329438755048,0,5.383664829180278,0.0,val
0.3566749439387324,0,4.959699915936578,0.0,val
0.5108256237659907,0,4.857761997390341,0.0,val
0.3566749439387324,0,1.5317900230748438,0.0,val
0.10536051565782635,0,0.6195728015616562,0.0,val
0.22314355131420976,0,0.21006470635367402,0.0,val
0.3566749439387324,0,3.177212522149358,0.0,val
0.5108256237659907,0,5.994382028620696,0.0,val
0.5108256237659907,0,0.25380033999906493,0.0,val
0.10536051565782635,0,4.443560410034477,0.0,val
0.10536051565782635,0,5.740069821149126,0.0,val
0.3566749439387324,1,0.03910728432352416,1.0,val
0.3566749439387324,0,4.358469972967394,0.0,val
0.3566749439387324,0,1.5938283558453534,0.0,val
0.3566749439387324,0,5.144762830617367,0.0,val
0.22314355131420976,2,1.063977809720463,1.0,val
0.5108256237659907,0,0.964204463919603,0.0,val
0.22314355131420976,0,3.968785285890303,0.0,val
0.05129329438755048,0,3.043925401791114,0.0,val
0.10536051565782635,0,0.7211153191524531,0.0,val
0.22314355131420976,0,1.4817237163534338,0.0,val
0.5108256237659907,0,1.7399393061184036,0.0,val
0.3566749439387324,0,2.8422015688123725,0.0,val
0.05129329438755048,0,1.561453851787641,0.0,val
0.5108256237659907,0,3.275590877548243,0.0,val
0.3566749439387324,1,0.2778218268163018,1.0,val
0.10536051565782635,0,0.22777839038659287,0.0,val
0.10536051565782635,0,3.7564898682838326,0.0,val
0.5108256237659907,3,0.21484893267824579,1.0,val
0.10536051565782635,0,5.698138118253286,0.0,val
0.5108256237659907,0,5.002631276680828,0.0,val
0.05129329438755048,0,3.0768333461006288,0.0,val
0.22314355131420976,0,4.40692837642486,0.0,val
0.22314355131420976,1,1.3240972045197759,1.0,val
0.05129329438755048,0,1.4630434595530977,0.0,val
0.5108256237659907,0,1.7192726676081727,0.0,val
0.10536051565782635,0,2.9195828597648825,0.0,val
0.05129329438755048,0,3.524525414498514,0.0,val
0.3566749439387324,2,0.6020300029169864,1.0,val
0.5108256237659907,2,2.466840195186308,1.0,val
0.5108256237659907,0,0.7047713899433838,0.0,val
0.05129329438755048,0,5.1029144695247854,0.0,val
0.10536051565782635,0,5.772564333412373,0.0,val
0.5108256237659907,0,2.253520486367746,0.0,val
0.5108256237659907,0,1.4991842366262578,0.0,val
0.3566749439387324,0,4.913229085248941,0.0,val
0.10536051565782635,0,2.5182186170094045,0.0,val
0.3566749439387324,0,2.8427253775302446,0.0,val
0.3566749439387324,1,2.8941835764141794,1.0,val
0.5108256237659907,0,4.166584261833917,0.0,val
0.22314355131420976,0,0.7055382390765508,0.0,val
0.3566749439387324,0,2.1019714675197285,0.0,val
0.10536051565782635,0,3.9005406361367996,0.0,val
0.22314355131420976,0,4.730922577177616,0.0,val
0.10536051565782635,0,4.257656806633771,0.0,val
0.10536051565782635,0,5.126352620830014,0.0,val
0.3566749439387324,0,5.571891855987639,0.0,val
0.05129329438755048,0,3.7739046312210576,0.0,val
0.22314355131420976,0,5.60167202381682,0.0,val
0.10536051565782635,0,4.505773327347095,0.0,val
0.3566749439387324,0,5.702086888087354,0.0,val
0.10536051565782635,0,5.665262694753368,0.0,val
0.5108256237659907,1,0.07926570213098438,0.0,val
0.5108256237659907,0,4.097118243025983,0.0,val
0.05129329438755048,0,0.7758469588755132,0.0,val
0.10536051565782635,0,5.3178858970974945,0.0,val
0.5108256237659907,2,0.822513308446768,1.0,val
0.10536051565782635,1,0.8692544466342587,0.0,val
0.10536051565782635,0,4.197771681567751,0.0,val
0.22314355131420976,0,3.919861230533977,0.0,val
0.05129329438755048,0,5.54783878246233,0.0,val
0.22314355131420976,0,4.335126256020964,0.0,val
0.05129329438755048,0,2.5308327967104884,0.0,val
0.10536051565782635,0,2.556966420584903,0.0,val
0.3566749439387324,1,1.1928310824347796,1.0,val
0.3566749439387324,0,3.145221143704968,0.0,val
0.3566749439387324,1,2.5938271613839365,1.0,val
0.5108256237659907,0,1.1019628171787912,0.0,val
0.22314355131420976,0,4.841257878388718,0.0,val
0.3566749439387324,0,1.548412928301077,0.0,val
0.3566749439387324,0,0.8076787775706364,0.0,val
0.22314355131420976,0,2.440896137472198,0.0,val
0.5108256237659907,2,0.8244012517563485,1.0,val
0.10536051565782635,0,0.9893503683044322,0.0,val
0.5108256237659907,0,5.841871508371591,0.0,val
0.3566749439387324,0,1.489201844159126,0.0,val
0.05129329438755048,0,3.670989031976312,0.0,val
0.3566749439387324,0,3.0974372548335136,0.0,val
0.05129329438755048,0,1.8388015706728071,0.0,val
0.3566749439387324,1,0.050981228682325894,1.0,val
0.05129329438755048,1,0.14120043444886,0.0,val
0.22314355131420976,0,5.34498759109311,0.0,val
0.10536051565782635,0,3.9439584997239017,0.0,val
0.5108256237659907,1,0.24464266468293772,1.0,val
0.5108256237659907,0,3.6782877916740664,0.0,val
0.22314355131420976,0,1.72411974741492,0.0,val
0.3566749439387324,0,5.6394912457226845,0.0,val
0.3566749439387324,0,3.7217940908689844,0.0,val
0.05129329438755048,0,2.713528801587617,0.0,val
0.05129329438755048,0,0.013516322260591629,0.0,val
0.10536051565782635,0,4.841849603440975,0.0,val
0.22314355131420976,0,1.3965874662535334,0.0,val
0.22314355131420976,0,1.253842701255229,0.0,val
0.22314355131420976,2,1.0952974222991458,1.0,val
0.5108256237659907,1,0.2966538143361751,1.0,val
0.22314355131420976,0,5.910498260277026,0.0,val
0.05129329438755048,0,1.9053573127944277,0.0,val
0.5108256237659907,0,5.461035205419156,0.0,val
0.5108256237659907,1,0.048176576525729334,1.0,val
0.5108256237659907,2,0.12219228180110357,1.0,val
0.3566749439387324,2,0.6158041050715569,1.0,val
0.5108256237659907,3,0.2003497347560185,1.0,val
0.3566749439387324,0,2.5620609776214742,0.0,val
0.10536051565782635,0,5.937629013865891,0.0,val
0.5108256237659907,3,0.5622076894263229,1.0,val
0.3566749439387324,0,4.977089539849744,0.0,val
0.3566749439387324,0,5.985621231627058,0.0,val
0.22314355131420976,0,0.4255468752573208,0.0,val
0.5108256237659907,0,3.0747457848450237,0.0,val
0.22314355131420976,0,1.5918961981852948,0.0,val
0.10536051565782635,0,2.948962046197435,0.0,val
0.10536051565782635,0,0.6812712490832729,0.0,val
0.5108256237659907,2,0.6572126852073494,1.0,val
0.5108256237659907,0,2.2247247537863,0.0,val
0.05129329438755048,0,3.570379763722751,0.0,val
0.10536051565782635,0,4.307694243994083,0.0,val
0.3566749439387324,0,0.5254231809208822,0.0,val
0.22314355131420976,1,0.9109682748643809,1.0,val
0.05129329438755048,0,0.5589617312464423,0.0,val
0.05129329438755048,0,2.4952032827730037,0.0,val
0.22314355131420976,3,0.1628670955538953,1.0,val
0.3566749439387324,0,0.8903390739074188,0.0,val
0.5108256237659907,0,2.627007174932676,0.0,val
0.22314355131420976,0,0.6522933007892393,0.0,val
0.10536051565782635,0,5.662042680134512,0.0,val
0.22314355131420976,0,1.5388690470059405,0.0,val
0.5108256237659907,0,2.011236888718776,0.0,val
0.3566749439387324,0,1.3312213548414231,0.0,val
0.22314355131420976,0,5.549826047642682,0.0,val
0.10536051565782635,0,0.042417576332138385,0.0,val
0.10536051565782635,0,0.68519167461223,0.0,val
0.10536051565782635,0,5.752041735218888,0.0,val
0.10536051565782635,0,3.1108972075586117,0.0,val
0.3566749439387324,0,2.1748761654214475,0.0,val
0.22314355131420976,0,3.9955364253977868,0.0,val
0.05129329438755048,0,4.033391322772925,0.0,val
0.10536051565782635,1,0.32989857766668135,1.0,val
0.22314355131420976,0,2.6104519664642867,0.0,val
0.10536051565782635,0,3.000995531053259,0.0,val
0.22314355131420976,0,4.373918502449625,0.0,val
0.22314355131420976,0,2.8413313226866768,0.0,val
0.22314355131420976,0,3.9777652491593805,0.0,val
0.3566749439387324,0,1.802701232399962,0.0,val
0.5108256237659907,1,0.030483752574780837,1.0,val
0.10536051565782635,0,1.2752839713320732,0.0,val
0.3566749439387324,0,5.508347135381898,0.0,val
0.10536051565782635,1,0.3263267307890784,1.0,val
0.5108256237659907,5,0.2318769486830612,1.0,val
0.05129329438755048,0,0.7292760459434993,0.0,val
0.5108256237659907,1,0.58273342823419,1.0,val
0.10536051565782635,2,0.07709681908732814,1.0,val
0.3566749439387324,0,0.20299174361374095,0.0,val
0.10536051565782635,0,2.097222380650253,0.0,val
0.3566749439387324,1,0.9796523032789921,1.0,val
0.05129329438755048,0,1.148014328966285,0.0,val
0.05129329438755048,0,3.4002625664861825,0.0,val
0.10536051565782635,0,2.070469113379044,0.0,val
0.10536051565782635,0,1.177853869040617,0.0,val
0.10536051565782635,0,0.07842857877101306,0.0,val
0.22314355131420976,1,0.1965345787079263,1.0,val
0.3566749439387324,0,2.671778139963255,0.0,val
0.05129329438755048,1,0.13125864818730532,1.0,val
0.10536051565782635,0,1.9929240706667621,0.0,val
0.5108256237659907,1,0.14540027574956135,1.0,val
0.22314355131420976,0,3.5409890444106233,0.0,val
0.3566749439387324,0,3.453597831019508,0.0,val
0.10536051565782635,0,0.8237728077666848,0.0,val
0.10536051565782635,1,0.270335104756336,1.0,val
0.05129329438755048,0,2.3317972515192493,0.0,val
0.3566749439387324,0,5.368658085429589,0.0,val
0.3566749439387324,1,0.18241990278238104,1.0,val
0.10536051565782635,0,4.88717412553376,0.0,val
0.22314355131420976,0,3.831760267997764,0.0,val
0.3566749439387324,0,1.0698659131690795,0.0,val
0.5108256237659907,0,1.391825264511768,0.0,val
0.05129329438755048,0,4.780122860396425,0.0,val
0.5108256237659907,0,1.8493343872817136,0.0,val
0.3566749439387324,0,4.77140189887737,0.0,val
0.5108256237659907,0,0.6020803241853201,0.0,val
0.5108256237659907,1,1.8785941803481991,1.0,val
0.05129329438755048,0,0.43040452939265017,0.0,val
0.3566749439387324,0,3.3749670601699084,0.0,val
0.10536051565782635,0,4.691716491001954,0.0,val
0.22314355131420976,0,2.7907633543411983,0.0,val
0.05129329438755048,0,3.6390013429027572,0.0,val
0.05129329438755048,0,2.2902325832608144,0.0,val
0.22314355131420976,2,0.3581221951143695,1.0,val
0.5108256237659907,2,0.40883190707960926,1.0,val
0.22314355131420976,0,0.24005438562254433,0.0,val
0.5108256237659907,0,5.960415996092898,0.0,val
0.10536051565782635,0,0.20791810036798286,0.0,val
0.5108256237659907,0,3.089572803806224,0.0,val
0.10536051565782635,0,4.082897819039547,0.0,val
0.5108256237659907,0,2.313181443945752,0.0,val
0.5108256237659907,1,1.5329990158846456,1.0,val
0.22314355131420976,0,5.133597167982935,0.0,val
0.5108256237659907,0,1.8623591872538408,0.0,val
0.3566749439387324,1,0.6019232571774997,1.0,val
0.10536051565782635,0,0.9679177147038951,0.0,val
0.22314355131420976,0,5.531475111092887,0.0,val
0.3566749439387324,0,1.407997208574045,0.0,val
0.5108256237659907,0,1.0560402227651495,0.0,val
0.05129329438755048,0,0.1241355537379254,0.0,val
0.3566749439387324,1,0.7907725547466855,0.0,val
0.22314355131420976,0,4.5721972643671265,0.0,val
0.05129329438755048,1,0.18375589173340057,0.0,val
0.05129329438755048,0,4.762882778560249,0.0,val
0.05129329438755048,0,5.010661622761514,0.0,val
0.3566749439387324,1,2.6000857457171866,0.0,val
0.5108256237659907,2,0.19359112174872145,1.0,val
0.22314355131420976,0,1.9695449584785403,0.0,val
0.10536051565782635,0,2.3736967774901947,0.0,val
0.10536051565782635,0,4.479081319930936,0.0,val
0.5108256237659907,0,2.6034234859710432,0.0,val
0.3566749439387324,0,3.874307346003875,0.0,val
0.05129329438755048,0,4.80497454696404,0.0,val
0.10536051565782635,1,0.3927253665690765,1.0,val
0.22314355131420976,0,5.080906802989847,0.0,val
0.05129329438755048,0,3.6458445974712825,0.0,val
0.10536051565782635,0,0.7358684755740013,0.0,val
0.5108256237659907,0,1.0565881583154033,0.0,val
0.22314355131420976,0,0.775083811983897,0.0,val
0.22314355131420976,0,0.0748481603296074,0.0,val
0.3566749439387324,1,0.027999923109826366,1.0,val
0.5108256237659907,0,1.8862508727576246,0.0,val
0.05129329438755048,1,0.9055471446170871,0.0,val
0.5108256237659907,0,5.664140795198376,0.0,val
0.05129329438755048,0,2.4882199356468027,0.0,val
0.3566749439387324,0,2.6353607037564792,0.0,val
0.5108256237659907,0,1.764966919941076,0.0,val
0.22314355131420976,1,0.05344077537388423,1.0,val
0.05129329438755048,0,1.8536503759654834,0.0,val
0.5108256237659907,0,2.8760881827029667,0.0,val
0.3566749439387324,3,0.3291809855077989,1.0,val
0.05129329438755048,0,5.289044733206117,0.0,val
0.05129329438755048,0,5.197199090385595,0.0,val
0.22314355131420976,0,5.815136820229579,0.0,val
0.5108256237659907,1,0.7238009219591799,1.0,val
0.5108256237659907,0,2.205125504883638,0.0,val
0.22314355131420976,1,1.4817487091884936,1.0,val
0.05129329438755048,0,3.5604238811529516,0.0,val
0.22314355131420976,0,1.3244474982717298,0.0,val
0.5108256237659907,3,0.03326510817381916,1.0,val
0.3566749439387324,1,1.6248130421187552,0.0,val
0.05129329438755048,0,2.1838181514360056,0.0,val
0.22314355131420976,1,4.245827094590282,1.0,val
0.5108256237659907,0,2.229504512255339,0.0,val
0.10536051565782635,2,1.0154707234077338,1.0,val
0.22314355131420976,0,0.7948246165580397,0.0,val
0.5108256237659907,0,2.936293740364464,0.0,val
0.22314355131420976,0,3.99442409050374,0.0,val
0.5108256237659907,1,0.40286303379495286,1.0,val
0.3566749439387324,0,3.3535167312719496,0.0,val
0.10536051565782635,0,5.72126620282767,0.0,val
0.5108256237659907,0,4.177706682418439,0.0,val
0.3566749439387324,1,0.6629232016514612,1.0,val
0.22314355131420976,1,4.251099681420272,1.0,val
0.10536051565782635,0,3.692034855977356,0.0,val
0.5108256237659907,2,0.7081797909726426,1.0,val
0.10536051565782635,0,4.951428805725179,0.0,val
0.3566749439387324,0,3.5553931507016183,0.0,val
0.10536051565782635,0,3.6321845361819705,0.0,val
0.10536051565782635,0,2.9110965187903988,0.0,val
0.5108256237659907,6,0.09433003664865211,1.0,val
0.10536051565782635,0,5.549854300569471,0.0,val
0.3566749439387324,2,0.4672789205879682,1.0,val
0.05129329438755048,0,4.657477014053114,0.0,val
0.22314355131420976,5,0.05419217708016669,1.0,val
0.05129329438755048,0,4.344645786862932,0.0,val
0.05129329438755048,0,3.074304709213509,0.0,val
0.05129329438755048,0,3.8849496355861404,0.0,val
0.10536051565782635,0,2.4786667101218347,0.0,val
0.10536051565782635,0,2.8479675093170886,0.0,val
0.5108256237659907,1,1.6904602362881052,1.0,val
0.5108256237659907,0,1.1701924733502236,0.0,val
0.05129329438755048,0,4.379806945463682,0.0,val
0.3566749439387324,0,0.5338272624376539,0.0,val
0.22314355131420976,0,1.6075457623568694,0.0,val
0.05129329438755048,0,5.503391841526066,0.0,val
0.3566749439387324,0,0.24018277222144047,0.0,val
0.5108256237659907,1,1.2225741710677742,0.0,val
0.10536051565782635,0,2.404759402312105,0.0,val
0.10536051565782635,0,2.005770726088749,0.0,val
0.05129329438755048,1,1.6866781814604117,0.0,val
0.3566749439387324,0,2.492446513602968,0.0,val
0.3566749439387324,2,0.25631274943303195,1.0,val
0.10536051565782635,0,4.390601681540788,0.0,val
0.05129329438755048,0,4.007835544440656,0.0,val
0.05129329438755048,0,3.221151610234762,0.0,val
0.3566749439387324,0,2.859256461011342,0.0,val
0.22314355131420976,0,1.6148349919994267,0.0,val
0.22314355131420976,0,0.6090296453514972,0.0,val
0.05129329438755048,0,4.395245465802318,0.0,val
0.3566749439387324,0,5.073772392550751,0.0,val
0.22314355131420976,0,5.363015854390706,0.0,val
0.5108256237659907,3,0.37952089721243615,1.0,val
0.10536051565782635,0,1.546488830249214,0.0,val
0.22314355131420976,0,2.6447190832479848,0.0,val
0.22314355131420976,0,2.9716096194163852,0.0,val
0.05129329438755048,0,3.0395022642879717,0.0,val
0.3566749439387324,0,0.6360948233404982,0.0,val
0.05129329438755048,0,3.1994680066608354,0.0,val
0.3566749439387324,2,0.06510236447971168,1.0,val
0.5108256237659907,1,0.6804654544418005,1.0,val
0.5108256237659907,11,0.1235021033888227,1.0,val
0.5108256237659907,2,0.15606697521733634,1.0,val
0.22314355131420976,1,1.1721187572491567,1.0,val
0.3566749439387324,0,4.488511095455179,0.0,val
0.05129329438755048,1,0.09387429441011656,1.0,val
0.3566749439387324,1,0.01776069387413218,1.0,val
0.3566749439387324,0,1.5897253908757947,0.0,val
0.10536051565782635,0,5.649706679564722,0.0,val
0.5108256237659907,0,4.693699455727454,0.0,val
0.22314355131420976,0,1.9851017812758913,0.0,val
0.10536051565782635,0,1.3190379567988766,0.0,val
0.3566749439387324,0,4.212347922772889,0.0,val
0.3566749439387324,1,0.140383297908169,1.0,val
0.22314355131420976,0,0.42077568701726187,0.0,val
0.22314355131420976,0,0.3738858078347538,0.0,val
0.3566749439387324,0,2.1252108970775208,0.0,val
0.10536051565782635,1,0.6650431003264732,0.0,val
0.5108256237659907,0,2.8353576444195623,0.0,val
0.10536051565782635,0,3.809330810587169,0.0,val
0.22314355131420976,0,4.5923960597502465,0.0,val
0.10536051565782635,0,1.8353383117189863,0.0,val
0.5108256237659907,2,0.15035512888136254,1.0,val
0.05129329438755048,0,3.035549818534122,0.0,val
0.5108256237659907,0,2.6556325977184256,0.0,val
0.5108256237659907,0,1.821077438969293,0.0,val
0.05129329438755048,0,3.831432136815433,0.0,val
0.05129329438755048,0,1.4221448255124578,0.0,val
0.10536051565782635,0,0.3143964644599686,0.0,val
0.5108256237659907,0,5.370498558905034,0.0,val
0.22314355131420976,0,4.792829594938081,0.0,val
0.5108256237659907,2,1.3874716615545644,1.0,val
0.05129329438755048,0,1.8982576508536697,0.0,val
0.5108256237659907,2,0.06705844693152185,0.0,val
0.3566749439387324,0,1.9750109322568834,0.0,val
0.10536051565782635,0,3.8604379837659804,0.0,val
0.05129329438755048,0,5.818750936294546,0.0,val
0.10536051565782635,0,5.051463926685094,0.0,val
0.10536051565782635,0,2.7970669439109663,0.0,val
0.10536051565782635,0,4.58380735796834,0.0,val
0.22314355131420976,1,1.438660672702185,1.0,val
0.5108256237659907,0,4.87584960705896,0.0,val
0.5108256237659907,0,3.9377346671047064,0.0,val
0.05129329438755048,0,1.6966088737243317,0.0,val
0.05129329438755048,0,5.572012285362561,0.0,val
0.10536051565782635,0,1.7473842170064993,0.0,val
0.22314355131420976,2,0.47118826261981694,0.0,val
0.05129329438755048,0,1.3190235684444933,0.0,val
0.22314355131420976,0,1.8657675040633295,0.0,val
0.22314355131420976,0,3.7433359323024273,0.0,val
0.05129329438755048,0,2.013128566605036,0.0,val
0.5108256237659907,3,0.12081576923133772,1.0,val
0.22314355131420976,0,2.784581026006345,0.0,val
0.10536051565782635,0,0.7182764947200937,0.0,val
0.05129329438755048,0,4.06322017848875,0.0,val
0.3566749439387324,0,3.3021992638156346,0.0,val
0.05129329438755048,0,0.27284566032346214,0.0,val
0.22314355131420976,0,3.8283969900148462,0.0,val
0.05129329438755048,0,3.409781113451804,0.0,val
0.22314355131420976,0,0.46757747160554786,0.0,val
0.22314355131420976,2,1.0631942409501165,1.0,val
0.5108256237659907,0,3.3816280943750603,0.0,val
0.3566749439387324,0,1.9378634394084915,0.0,val
0.10536051565782635,0,4.550048243320473,0.0,val
0.3566749439387324,0,0.13914561033310235,0.0,val
0.10536051565782635,0,3.1402761543503335,0.0,val
0.5108256237659907,0,5.1886943396804215,0.0,val
0.05129329438755048,0,0.6583096507072208,0.0,val
0.10536051565782635,0,4.65204832577558,0.0,val
0.5108256237659907,0,5.359818171568161,0.0,val
0.10536051565782635,0,5.099206371666235,0.0,val
0.10536051565782635,0,5.595132376257121,0.0,val
0.05129329438755048,0,5.309700766040211,0.0,val
0.22314355131420976,0,1.0472849961793527,0.0,val
0.10536051565782635,0,0.17139970660795778,0.0,val
0.22314355131420976,4,0.23503975190210422,1.0,val
0.22314355131420976,0,3.205492737369084,0.0,val
0.22314355131420976,0,1.4294584806221213,0.0,val
0.3566749439387324,1,0.8592414858496279,1.0,val
0.10536051565782635,1,0.0655527147562389,1.0,val
0.10536051565782635,0,5.85934245860922,0.0,val
0.3566749439387324,2,0.19708676025928462,1.0,val
0.3566749439387324,0,0.6083058785963473,0.0,val
0.10536051565782635,0,5.614756308320276,0.0,val
0.22314355131420976,0,3.658859313581928,0.0,val
0.22314355131420976,0,0.8536918403699183,0.0,val
0.22314355131420976,0,2.8513555340523515,0.0,val
0.05129329438755048,0,0.43999877452637826,0.0,val
0.5108256237659907,5,0.20092142355933984,1.0,val
0.3566749439387324,2,1.03431536036928,1.0,val
0.05129329438755048,0,0.970601082684118,0.0,val
0.5108256237659907,0,0.8551143116084488,0.0,val
0.3566749439387324,1,0.5060070365080108,1.0,val
0.05129329438755048,0,3.8533011651524545,0.0,val
0.5108256237659907,1,3.0985365922463544,0.0,val
0.3566749439387324,0,4.118166893206861,0.0,val
0.10536051565782635,0,2.73316007415835,0.0,val
0.22314355131420976,0,5.608523439237498,0.0,val
0.3566749439387324,0,0.9282900908770482,0.0,val
0.10536051565782635,1,0.5265322376625003,1.0,val
0.05129329438755048,0,4.128585944734758,0.0,val
0.3566749439387324,2,1.268363942081683,1.0,val
0.5108256237659907,0,4.187499386845427,0.0,val
0.10536051565782635,0,1.8004390507462475,0.0,val
0.5108256237659907,1,1.3443802749607465,1.0,val
0.05129329438755048,0,3.148990958825356,0.0,val
0.22314355131420976,0,3.8237639753830583,0.0,val
0.5108256237659907,0,2.8228786622835695,0.0,val
0.05129329438755048,0,5.532570797240541,0.0,val
0.5108256237659907,0,3.1547520943239,0.0,val
0.22314355131420976,0,4.571284905949126,0.0,val
0.10536051565782635,0,1.4567246785340617,0.0,val
0.05129329438755048,0,5.632988909941637,0.0,val
0.10536051565782635,0,5.361987255768082,0.0,val
0.3566749439387324,0,3.7383597523925696,0.0,val
0.22314355131420976,0,4.682824737573138,0.0,val
0.05129329438755048,0,5.57589972289129,0.0,val
0.10536051565782635,0,3.994247542573965,0.0,val
0.05129329438755048,0,1.0120764851735011,0.0,val
0.22314355131420976,0,3.562669815270911,0.0,val
0.10536051565782635,0,0.48088986434812053,0.0,val
0.5108256237659907,0,4.7640093661608365,0.0,val
0.10536051565782635,0,1.1672185712891372,0.0,val
0.05129329438755048,0,1.4917674595217423,0.0,val
0.05129329438755048,0,3.4619702302863202,0.0,val
0.05129329438755048,0,5.92289471919477,0.0,val
0.05129329438755048,0,0.9147418638117644,0.0,val
0.5108256237659907,0,0.6691267024572842,0.0,val
0.05129329438755048,0,1.1961340161589744,0.0,val
0.5108256237659907,0,4.058321696354395,0.0,val
0.3566749439387324,0,5.648209995560933,0.0,val
0.5108256237659907,0,1.5712971225591086,0.0,val
0.10536051565782635,0,1.7592595852934034,0.0,val
0.10536051565782635,0,2.889308882744981,0.0,val
0.10536051565782635,0,2.1749108699288033,0.0,val
0.3566749439387324,0,3.206670090739358,0.0,val
0.3566749439387324,0,1.4207603973979883,0.0,val
0.05129329438755048,0,1.915316561730003,0.0,val
0.5108256237659907,0,3.5612132911824492,0.0,val
0.3566749439387324,1,0.8462242148363754,1.0,val
0.22314355131420976,1,0.8208162764934109,1.0,val
0.10536051565782635,0,3.843108074980517,0.0,val
0.5108256237659907,0,1.515266951179466,0.0,val
0.22314355131420976,0,5.06443617005138,0.0,val
0.10536051565782635,0,3.6565941515751805,0.0,val
0.10536051565782635,0,3.0200660689751753,0.0,val
0.05129329438755048,0,0.41161336421481076,0.0,val
0.05129329438755048,0,3.9284308557238456,0.0,val
0.10536051565782635,1,0.7471157378996683,1.0,val
0.5108256237659907,0,5.20793681701972,0.0,val
0.5108256237659907,0,2.2720899208253114,0.0,val
0.10536051565782635,0,2.9824545833372373,0.0,val
0.05129329438755048,0,0.005478592671067206,0.0,val
0.22314355131420976,0,1.6691131113556985,0.0,val
0.5108256237659907,1,0.5930144922208332,1.0,val
0.22314355131420976,0,1.0800227607148698,0.0,val
0.5108256237659907,2,0.1594027025776692,1.0,val
0.22314355131420976,0,5.690527151276955,0.0,val
0.5108256237659907,3,0.5000582980931618,1.0,val
0.3566749439387324,1,0.1771219682872085,0.0,val
0.22314355131420976,2,0.2679595303217619,0.0,val
0.22314355131420976,0,4.571547193389275,0.0,val
0.05129329438755048,0,3.7689605301037012,0.0,val
0.10536051565782635,0,1.7721895843499709,0.0,val
0.3566749439387324,3,0.16795895308760894,1.0,val
0.05129329438755048,0,5.343028587455015,0.0,val
0.22314355131420976,0,1.0563999630821315,0.0,val
0.5108256237659907,13,0.1282443273269174,1.0,val
0.05129329438755048,0,3.3062533588475067,0.0,val
0.22314355131420976,1,1.0701071607542785,1.0,val
0.05129329438755048,0,0.3003366175357931,0.0,val
0.5108256237659907,0,4.8902862316877815,0.0,val
0.5108256237659907,0,3.7820797244836637,0.0,val
0.05129329438755048,0,5.202214778998864,0.0,val
0.22314355131420976,0,0.5409055350326806,0.0,val
0.3566749439387324,1,0.025192842101424695,0.0,val
0.3566749439387324,0,1.0630611740673965,0.0,val
0.22314355131420976,0,2.844511642154635,0.0,val
0.05129329438755048,1,0.23778390269201227,1.0,val
0.22314355131420976,0,5.281269027552994,0.0,val
0.3566749439387324,2,0.07420024285121261,1.0,val
0.10536051565782635,0,2.6566346356399646,0.0,val
0.05129329438755048,0,3.818529595243149,0.0,val
0.5108256237659907,1,0.3878919375797649,1.0,val
0.3566749439387324,0,0.9955070133993962,0.0,val
0.3566749439387324,0,1.9296314838048219,0.0,val
0.22314355131420976,0,5.130739960022477,0.0,val
0.10536051565782635,0,1.0037476937226246,0.0,val
0.10536051565782635,0,5.594551523738407,0.0,val
0.05129329438755048,0,1.149222687441343,0.0,val
0.05129329438755048,1,0.16024616162421707,1.0,val
0.3566749439387324,0,0.6853979309659783,0.0,val
0.5108256237659907,0,5.0031539844150625,0.0,val
0.05129329438755048,0,0.5553978710691165,0.0,val
0.5108256237659907,2,0.09030318120985951,1.0,val
0.3566749439387324,1,0.381958399942054,1.0,val
0.3566749439387324,0,5.384062129353184,0.0,val
0.3566749439387324,0,1.5818498257049736,0.0,val
0.5108256237659907,0,4.997454516880799,0.0,val
0.3566749439387324,0,5.5936399202531835,0.0,val
0.5108256237659907,1,0.7766922458818416,1.0,val
0.10536051565782635,0,5.742553135712589,0.0,val
0.3566749439387324,0,4.566132732551116,0.0,val
0.3566749439387324,0,1.6853354379260672,0.0,val
0.10536051565782635,0,0.9405679334963246,0.0,val
0.10536051565782635,0,0.9551006178854595,0.0,val
0.5108256237659907,1,0.05841229430058914,0.0,val
0.05129329438755048,0,1.4550643524546367,0.0,val
0.3566749439387324,1,0.0011536359571162613,0.0,val
0.3566749439387324,0,3.410385407777451,0.0,val
0.10536051565782635,0,4.925298368116943,0.0,val
0.3566749439387324,0,2.6270587693631766,0.0,val
0.22314355131420976,0,3.3096431842543237,0.0,val
0.10536051565782635,0,5.586819199882546,0.0,val
0.3566749439387324,0,1.968080117166245,0.0,val
0.5108256237659907,0,1.5453960115219305,0.0,val
0.22314355131420976,0,0.2875059663243882,0.0,val
0.5108256237659907,5,0.20258857731982394,0.0,val
0.3566749439387324,0,1.9574651360753976,0.0,val
0.3566749439387324,0,4.329015770305288,0.0,val
0.22314355131420976,0,3.28821487877292,0.0,val
0.10536051565782635,0,1.3875781497505333,0.0,val
0.10536051565782635,0,2.068584405987888,0.0,val
0.5108256237659907,2,0.6280682874763464,1.0,val
0.5108256237659907,1,0.27793109385353015,1.0,val
0.3566749439387324,0,3.0604918644492027,0.0,val
0.5108256237659907,2,0.9168483614967259,1.0,val
0.22314355131420976,0,3.0952641692671747,0.0,val
0.3566749439387324,0,0.3430410333461711,0.0,val
0.05129329438755048,0,1.1630597406624175,0.0,val
0.3566749439387324,0,4.915990193129769,0.0,val
0.5108256237659907,0,2.8373060050380197,0.0,val
0.10536051565782635,0,4.5675559585645775,0.0,val
0.3566749439387324,0,4.972066751830927,0.0,val
0.5108256237659907,0,0.4136136071699885,0.0,val
0.5108256237659907,0,4.439177878042043,0.0,val
0.05129329438755048,0,3.11962787262382,0.0,val
0.10536051565782635,0,4.312963108867438,0.0,val
0.10536051565782635,0,0.5770883939690614,0.0,val
0.3566749439387324,0,4.958952150921996,0.0,val
0.22314355131420976,0,0.7222847616830674,0.0,val
0.05129329438755048,1,0.8586403262339989,1.0,val
0.05129329438755048,0,1.5867239133295263,0.0,val
0.5108256237659907,0,2.1459496282544595,0.0,val
0.5108256237659907,3,0.7113504069238871,1.0,val
0.22314355131420976,0,5.768899171360857,0.0,val
0.3566749439387324,0,2.4660917541854523,0.0,val
0.3566749439387324,0,3.612074677261755,0.0,val
0.05129329438755048,0,2.525172866112827,0.0,val
0.3566749439387324,2,2.001162934584987,1.0,val
0.22314355131420976,0,2.6902177005396304,0.0,val
0.10536051565782635,0,2.207434763954858,0.0,val
0.5108256237659907,0,3.789323403245355,0.0,val
0.10536051565782635,0,4.12061067192057,0.0,val
0.3566749439387324,0,2.1208081419805076,0.0,val
0.5108256237659907,1,0.23392836145358745,1.0,val
0.05129329438755048,0,4.597470078956931,0.0,val
0.5108256237659907,0,1.2850690217647867,0.0,val
0.22314355131420976,0,5.114306158109429,0.0,val
0.10536051565782635,0,0.21674620773450148,0.0,val
0.05129329438755048,0,3.8126957321291544,0.0,val
0.3566749439387324,0,5.908313048536014,0.0,val
0.3566749439387324,2,0.5344726571213158,1.0,val
0.10536051565782635,0,5.752678271266362,0.0,val
0.5108256237659907,0,4.87791092074372,0.0,val
0.3566749439387324,0,0.15155438513743213,0.0,val
0.3566749439387324,0,5.021209074829069,0.0,val
0.05129329438755048,0,4.128057632175841,0.0,val
0.05129329438755048,0,1.1527698260113632,0.0,val
0.05129329438755048,0,0.29987716053608415,0.0,val
0.22314355131420976,0,0.6765921838308302,0.0,val
0.3566749439387324,2,0.16834615827978855,1.0,val
0.10536051565782635,0,0.2623486334925236,0.0,val
0.5108256237659907,1,0.6965476770705152,1.0,val
0.22314355131420976,0,0.465294792941487,0.0,val
0.10536051565782635,1,0.01733495208894363,1.0,val
0.3566749439387324,0,1.6629135425325787,0.0,val
0.10536051565782635,0,1.3575772251460116,0.0,val
0.10536051565782635,0,2.910822614815996,0.0,val
0.5108256237659907,1,1.1342647509616322,1.0,val
0.5108256237659907,0,4.207740471931505,0.0,val
0.22314355131420976,0,5.893285308378154,0.0,val
0.3566749439387324,0,4.115624465904448,0.0,val
0.3566749439387324,0,4.532844815457201,0.0,val
0.5108256237659907,0,1.5122034717943913,0.0,val
0.10536051565782635,0,0.8582063074733384,0.0,val
0.10536051565782635,0,1.1176180531688527,0.0,test
0.5108256237659907,0,1.2617834840627904,0.0,test
0.05129329438755048,0,0.5554316793415748,0.0,test
0.22314355131420976,0,1.8588223996408246,0.0,test
0.5108256237659907,0,3.845941529945142,0.0,test
0.5108256237659907,0,0.9241397021950484,0.0,test
0.5108256237659907,0,5.7811164018722,0.0,test
0.22314355131420976,1,1.4042917593826734,0.0,test
0.05129329438755048,0,1.0410515427667133,0.0,test
0.10536051565782635,1,0.87604910227186,0.0,test
0.22314355131420976,1,0.3003523278376909,1.0,test
0.5108256237659907,2,0.5053740395796605,1.0,test
0.10536051565782635,0,4.708156771188609,0.0,test
0.5108256237659907,0,3.1608095675442645,0.0,test
0.5108256237659907,0,3.371677905696666,0.0,test
0.5108256237659907,0,2.971566639575439,0.0,test
0.10536051565782635,1,0.5459014329462719,1.0,test
0.10536051565782635,0,2.4744679296829855,0.0,test
0.05129329438755048,0,4.109909569276049,0.0,test
0.5108256237659907,6,0.09487233875714723,1.0,test
0.22314355131420976,0,3.807969225991773,0.0,test
0.05129329438755048,0,4.154181038660429,0.0,test
0.10536051565782635,0,1.9182451783493628,0.0,test
0.3566749439387324,0,5.986866374818726,0.0,test
0.10536051565782635,1,0.325660661293185,1.0,test
0.22314355131420976,0,3.3482179015636304,0.0,test
0.3566749439387324,0,0.5240410205394175,0.0,test
0.22314355131420976,0,4.332434834943886,0.0,test
0.5108256237659907,1,0.6515772293809713,1.0,test
0.22314355131420976,0,1.227907925304193,0.0,test
0.3566749439387324,0,1.4484539212130723,0.0,test
0.22314355131420976,1,0.5648211661199731,1.0,test
0.10536051565782635,0,4.064354637761117,0.0,test
0.05129329438755048,0,5.5799447087666625,0.0,test
0.5108256237659907,0,2.0914012215208793,0.0,test
0.22314355131420976,0,3.0571371744290734,0.0,test
0.3566749439387324,0,2.091771520245948,0.0,test
0.10536051565782635,0,5.634788081775307,0.0,test
0.3566749439387324,2,1.0965611447847,1.0,test
0.05129329438755048,0,5.836400626325032,0.0,test
0.5108256237659907,0,3.6706349315545257,0.0,test
0.05129329438755048,1,0.21472554627351112,1.0,test
0.22314355131420976,3,0.042063885478791856,1.0,test
0.22314355131420976,1,3.511383526507698,1.0,test
0.05129329438755048,0,0.9311905625134964,0.0,test
0.22314355131420976,0,0.6000360933495603,0.0,test
0.10536051565782635,0,1.8245385297670704,0.0,test
0.22314355131420976,3,0.34229860040061605,1.0,test
0.05129329438755048,0,1.0248735282532917,0.0,test
0.3566749439387324,5,0.10362819383618255,1.0,test
0.5108256237659907,0,3.836548670046481,0.0,test
0.22314355131420976,0,0.3765462831382005,0.0,test
0.10536051565782635,0,3.1124254055370937,0.0,test
0.10536051565782635,0,0.0876495380715685,0.0,test
0.22314355131420976,0,1.9921501192005275,0.0,test
0.05129329438755048,0,5.319465976468268,0.0,test
0.10536051565782635,0,3.9067462124157215,0.0,test
0.5108256237659907,2,0.3180736563025255,1.0,test
0.3566749439387324,1,0.4568098278630496,1.0,test
0.10536051565782635,0,2.8196505133272405,0.0,test
0.22314355131420976,0,5.114759429075722,0.0,test
0.3566749439387324,0,4.5035913041301185,0.0,test
0.10536051565782635,0,0.10908253892676667,0.0,test
0.10536051565782635,0,3.5450614140849623,0.0,test
0.05129329438755048,0,0.46572005563676333,0.0,test
0.5108256237659907,1,0.10336533429394304,1.0,test
0.5108256237659907,1,0.21292105082415774,1.0,test
0.5108256237659907,0,4.506245568332732,0.0,test
0.3566749439387324,0,1.6040534968644662,0.0,test
0.05129329438755048,0,4.341361767195604,0.0,test
0.3566749439387324,0,2.4538398351496897,0.0,test
0.5108256237659907,0,3.1491361839500644,0.0,test
0.10536051565782635,0,5.605074061603386,0.0,test
0.10536051565782635,0,5.125114075121221,0.0,test
0.22314355131420976,0,5.142056489475858,0.0,test
0.5108256237659907,0,5.621983127798294,0.0,test
0.3566749439387324,0,3.98030321204398,0.0,test
0.10536051565782635,0,0.4233936753244347,0.0,test
0.22314355131420976,1,0.9767980808156402,1.0,test
0.22314355131420976,0,3.8939356494691726,0.0,test
0.3566749439387324,0,5.431208470427238,0.0,test
0.5108256237659907,0,2.5423105576530762,0.0,test
0.10536051565782635,0,4.28008497682765,0.0,test
0.22314355131420976,0,3.0775895667828492,0.0,test
0.22314355131420976,0,4.368279550749036,0.0,test
0.10536051565782635,0,5.891312452941204,0.0,test
0.05129329438755048,0,5.6946525786448525,0.0,test
0.22314355131420976,0,4.800070924073701,0.0,test
0.3566749439387324,0,2.505300494407269,0.0,test
0.10536051565782635,0,4.165381496038916,0.0,test
0.22314355131420976,0,5.736586830963155,0.0,test
0.3566749439387324,0,0.6750418669524325,0.0,test
0.22314355131420976,0,2.249928505839674,0.0,test
0.3566749439387324,0,2.2250954257912543,0.0,test
0.10536051565782635,0,0.788746265249314,0.0,test
0.10536051565782635,0,5.450816530853318,0.0,test
0.22314355131420976,1,0.6299808529939839,1.0,test
0.3566749439387324,0,3.2671599438720786,0.0,test
0.10536051565782635,0,5.0701423049243495,0.0,test
0.05129329438755048,0,2.6051950093590204,0.0,test
0.5108256237659907,2,0.07621277073810508,1.0,test
0.05129329438755048,0,4.598031956683557,0.0,test
0.22314355131420976,0,4.387856104393285,0.0,test
0.3566749439387324,1,2.201750586928193,1.0,test
0.22314355131420976,0,4.557785748196534,0.0,test
0.10536051565782635,0,0.15958091899265625,0.0,test
0.22314355131420976,0,4.176574707111728,0.0,test
0.5108256237659907,0,0.48737646301664195,0.0,test
0.5108256237659907,0,4.7606654196892295,0.0,test
0.5108256237659907,1,0.850556954352966,1.0,test
0.3566749439387324,0,3.625436753784082,0.0,test
0.22314355131420976,0,1.7141901984143626,0.0,test
0.3566749439387324,0,1.5043528888562934,0.0,test
0.3566749439387324,2,0.8121853605266279,1.0,test
0.10536051565782635,0,5.9860354140543715,0.0,test
0.22314355131420976,0,5.2965733765744405,0.0,test
0.22314355131420976,0,3.6123050046098943,0.0,test
0.22314355131420976,0,4.694837837076612,0.0,test
0.3566749439387324,2,0.12298140165081205,1.0,test
0.3566749439387324,0,5.561376131404943,0.0,test
0.05129329438755048,0,5.979857494068954,0.0,test
0.22314355131420976,1,0.7702507819813275,1.0,test
0.22314355131420976,2,0.5875753979077738,1.0,test
0.3566749439387324,1,1.483332657144317,1.0,test
0.3566749439387324,0,3.8479093958753765,0.0,test
0.3566749439387324,0,1.7841996916080074,0.0,test
0.5108256237659907,0,0.22120454795336086,0.0,test
0.10536051565782635,0,2.929137142329763,0.0,test
0.22314355131420976,0,1.0560832972437308,0.0,test
0.10536051565782635,0,0.8770188740844793,0.0,test
0.22314355131420976,1,0.5817558837618977,1.0,test
0.05129329438755048,1,2.765181941726717,0.0,test
0.10536051565782635,0,4.605626455652706,0.0,test
0.10536051565782635,0,1.039155477464132,0.0,test
0.5108256237659907,0,0.7376670103577374,0.0,test
0.22314355131420976,0,3.3420921897437,0.0,test
0.5108256237659907,3,0.2999979422380566,1.0,test
0.3566749439387324,0,5.238543299335102,0.0,test
0.22314355131420976,0,4.433382957866209,0.0,test
0.10536051565782635,0,4.931914471694194,0.0,test
0.5108256237659907,0,5.86540183926418,0.0,test
0.3566749439387324,0,5.630032365600433,0.0,test
0.22314355131420976,1,0.48048523018546696,0.0,test
0.3566749439387324,0,1.9187288822123343,0.0,test
0.3566749439387324,0,2.0470835452333462,0.0,test
0.10536051565782635,0,5.082336381281463,0.0,test
0.10536051565782635,1,1.962864087875814,1.0,test
0.05129329438755048,0,5.7886302994258605,0.0,test
0.5108256237659907,0,0.8829240376392897,0.0,test
0.05129329438755048,0,0.24101218070605324,0.0,test
0.22314355131420976,0,0.8510175206371233,0.0,test
0.3566749439387324,3,0.037704392728150384,1.0,test
0.05129329438755048,0,0.30552368067159197,0.0,test
0.3566749439387324,1,0.244532966172424,1.0,test
0.5108256237659907,0,2.473886533456694,0.0,test
0.5108256237659907,3,0.08527574228393596,1.0,test
0.22314355131420976,0,2.838194386837307,0.0,test
0.05129329438755048,0,1.6748148852901739,0.0,test
0.3566749439387324,1,0.8393650835351739,1.0,test
0.5108256237659907,0,2.2025345822695552,0.0,test
0.3566749439387324,0,1.0318460461636323,0.0,test
0.05129329438755048,0,5.068129290695827,0.0,test
0.22314355131420976,0,2.0355868836622624,0.0,test
0.05129329438755048,0,0.8785240399957439,0.0,test
0.10536051565782635,0,5.00737034244243,0.0,test
0.22314355131420976,0,2.8807511308615372,0.0,test
0.3566749439387324,0,2.8487750049821594,0.0,test
0.10536051565782635,0,5.532818015296088,0.0,test
0.5108256237659907,0,4.186875340909273,0.0,test
0.3566749439387324,1,1.042931903952756,1.0,test
0.05129329438755048,1,0.12317190477918498,1.0,test
0.05129329438755048,0,2.9577677069718917,0.0,test
0.10536051565782635,0,5.531004087643755,0.0,test
0.3566749439387324,1,0.1695767506264659,1.0,test
0.5108256237659907,0,1.9358345161173196,0.0,test
0.22314355131420976,0,0.7886370107540632,0.0,test
0.10536051565782635,0,5.194151115058775,0.0,test
0.10536051565782635,0,1.1130725638217167,0.0,test
0.05129329438755048,0,0.589535767828931,0.0,test
0.22314355131420976,0,4.425157751377214,0.0,test
0.22314355131420976,0,0.15729602573605006,0.0,test
0.05129329438755048,0,2.9446303924995467,0.0,test
0.3566749439387324,0,4.056869629643431,0.0,test
0.5108256237659907,0,4.841313261481392,0.0,test
0.5108256237659907,12,0.013035084549788098,1.0,test
0.05129329438755048,0,4.5306748385839,0.0,test
0.22314355131420976,1,0.00014673507467646038,1.0,test
0.5108256237659907,0,0.644343457585238,0.0,test
0.5108256237659907,0,5.977992692268989,0.0,test
0.5108256237659907,1,0.16502468230380501,1.0,test
0.10536051565782635,0,5.982772256505093,0.0,test
0.3566749439387324,0,5.830653554464533,0.0,test
0.10536051565782635,0,5.649914863560397,0.0,test
0.22314355131420976,0,4.1879913881356465,0.0,test
0.10536051565782635,0,3.270835098704179,0.0,test
0.05129329438755048,0,2.9504950976824396,0.0,test
0.3566749439387324,0,1.0463512707601461,0.0,test
0.10536051565782635,0,3.6650497509134436,0.0,test
0.5108256237659907,0,3.168367320888575,0.0,test
0.3566749439387324,1,2.4758708829912996,1.0,test
0.05129329438755048,0,0.5811037327255919,0.0,test
0.5108256237659907,0,4.400729060139723,0.0,test
0.5108256237659907,0,4.890898246860193,0.0,test
0.3566749439387324,0,0.6220104228221415,0.0,test
0.5108256237659907,0,5.533659905112419,0.0,test
0.05129329438755048,0,2.3501568152922028,0.0,test
0.05129329438755048,0,3.7261497707104363,0.0,test
0.3566749439387324,0,4.623674762438263,0.0,test
0.3566749439387324,0,3.822021708160822,0.0,test
0.22314355131420976,0,2.1706934198619194,0.0,test
0.05129329438755048,0,2.755241456591996,0.0,test
0.10536051565782635,0,5.410079643549047,0.0,test
0.5108256237659907,0,1.0952126662889143,0.0,test
0.5108256237659907,1,1.0310340970792178,1.0,test
0.05129329438755048,0,0.289751117207816,0.0,test
0.22314355131420976,0,2.3351356289336955,0.0,test
0.22314355131420976,1,0.2997616873808074,1.0,test
0.22314355131420976,3,0.7079735641904754,1.0,test
0.22314355131420976,0,5.989767632990047,0.0,test
0.3566749439387324,0,4.3025230391573075,0.0,test
0.5108256237659907,0,4.755197394092989,0.0,test
0.22314355131420976,0,5.41655660754665,0.0,test
0.10536051565782635,0,4.4538866743751,0.0,test
0.3566749439387324,0,0.70114504575432,0.0,test
0.3566749439387324,1,0.6045081561515402,1.0,test
0.22314355131420976,0,1.7099681538703075,0.0,test
0.3566749439387324,0,0.20667809419444638,0.0,test
0.05129329438755048,0,4.2258513948995216,0.0,test
0.22314355131420976,0,2.8586044513519613,0.0,test
0.3566749439387324,0,3.3887645591800504,0.0,test
0.05129329438755048,0,1.910117816195613,0.0,test
0.05129329438755048,0,3.5688005772980675,0.0,test
0.5108256237659907,0,0.09036753063184522,0.0,test
0.3566749439387324,0,0.9037808276325441,0.0,test
0.10536051565782635,0,0.36235501349821697,0.0,test
0.05129329438755048,0,3.5933804126570377,0.0,test
0.5108256237659907,0,3.6679155040122025,0.0,test
0.22314355131420976,0,1.720996229558113,0.0,test
0.3566749439387324,0,0.6033668852231662,0.0,test
0.05129329438755048,0,4.2589815184737425,0.0,test
0.22314355131420976,0,2.833842153148084,0.0,test
0.5108256237659907,0,3.6487455793922345,0.0,test
0.5108256237659907,0,4.965200156759103,0.0,test
0.3566749439387324,1,0.7101319598570451,1.0,test
0.22314355131420976,0,0.08536764736574098,0.0,test
0.05129329438755048,0,2.860174910672037,0.0,test
0.3566749439387324,0,3.600193350849815,0.0,test
0.3566749439387324,0,5.760130814314458,0.0,test
0.10536051565782635,0,3.1816456873242545,0.0,test
0.22314355131420976,1,0.10325324631979058,1.0,test
0.10536051565782635,0,0.09892059681717158,0.0,test
0.10536051565782635,0,0.2648736497275481,0.0,test
0.22314355131420976,0,2.219445061541718,0.0,test
0.3566749439387324,1,3.2188108764290337,1.0,test
0.10536051565782635,0,2.976232259525957,0.0,test
0.10536051565782635,0,2.4077900663549956,0.0,test
0.22314355131420976,1,0.6563352986471361,1.0,test
0.5108256237659907,0,0.30527102922847793,0.0,test
0.05129329438755048,0,3.2504577061384095,0.0,test
0.22314355131420976,0,3.7924663966309478,0.0,test
0.10536051565782635,0,3.1405061663170697,0.0,test
0.5108256237659907,0,5.352415021479906,0.0,test
0.05129329438755048,0,3.5839310670424576,0.0,test
0.22314355131420976,0,4.580836403259442,0.0,test
0.10536051565782635,0,1.4823222370941467,0.0,test
0.3566749439387324,0,5.373092532224066,0.0,test
0.5108256237659907,1,1.4112434410773043,1.0,test
0.22314355131420976,0,3.24429351532418,0.0,test
0.05129329438755048,0,0.9325627939679553,0.0,test
0.5108256237659907,2,0.888914051494466,1.0,test
0.05129329438755048,0,4.976581116525967,0.0,test
0.3566749439387324,2,0.7143928286106851,1.0,test
0.5108256237659907,0,3.5383986592245416,0.0,test
0.05129329438755048,1,0.48128721336344615,1.0,test
0.10536051565782635,0,0.933364739097045,0.0,test
0.3566749439387324,1,0.040887361494880134,1.0,test
0.05129329438755048,0,2.5675557632564354,0.0,test
0.3566749439387324,1,1.200838770225758,1.0,test
0.22314355131420976,0,5.087737599093429,0.0,test
0.10536051565782635,0,3.1903374982356247,0.0,test
0.10536051565782635,0,3.1071513081469813,0.0,test
0.5108256237659907,0,0.5923098263838693,0.0,test
0.05129329438755048,0,0.3248961235205161,0.0,test
0.3566749439387324,0,5.371589076149583,0.0,test
0.05129329438755048,0,2.9539555345988795,0.0,test
0.05129329438755048,0,5.443693267926916,0.0,test
0.3566749439387324,1,0.8142453383309972,1.0,test
0.3566749439387324,3,0.3751339364944545,1.0,test
0.22314355131420976,0,0.5939079989638412,0.0,test
0.05129329438755048,0,2.7680434024777103,0.0,test
0.10536051565782635,0,4.20570104613064,0.0,test
0.05129329438755048,0,0.9607483622863964,0.0,test
0.5108256237659907,1,0.3776534252850468,1.0,test
0.3566749439387324,0,3.073622509215626,0.0,test
0.22314355131420976,0,5.759934725972006,0.0,test
0.22314355131420976,0,2.968823470042138,0.0,test
0.05129329438755048,0,5.643629980843785,0.0,test
0.05129329438755048,0,4.468319199410237,0.0,test
0.05129329438755048,0,0.40926943245082903,0.0,test
0.3566749439387324,0,4.521380043890067,0.0,test
0.5108256237659907,0,0.8352374482704772,0.0,test
0.10536051565782635,0,3.802361615389249,0.0,test
0.22314355131420976,0,5.947074893082868,0.0,test
0.3566749439387324,0,3.9059694281476,0.0,test
0.05129329438755048,0,1.1902058356815335,0.0,test
0.22314355131420976,0,0.082494102090654,0.0,test
0.10536051565782635,0,5.840141981851101,0.0,test
0.10536051565782635,0,0.644491275886057,0.0,test
0.22314355131420976,0,0.9523872217451927,0.0,test
0.5108256237659907,1,1.0238252942370638,1.0,test
0.3566749439387324,0,3.1632098207583024,0.0,test
0.10536051565782635,0,5.514257755394675,0.0,test
0.05129329438755048,0,3.0203403132595508,0.0,test
0.05129329438755048,0,5.577125666498529,0.0,test
0.22314355131420976,0,5.636944138567065,0.0,test
0.5108256237659907,0,4.4388927946688295,0.0,test
0.05129329438755048,0,1.5052235416729998,0.0,test
0.3566749439387324,1,2.795582034723844,1.0,test
0.5108256237659907,3,0.09980979121919775,0.0,test
0.22314355131420976,2,0.8363821937009467,1.0,test
0.22314355131420976,0,3.133642568019307,0.0,test
0.05129329438755048,0,1.2363523195125394,0.0,test
0.3566749439387324,0,0.09441099473036973,0.0,test
0.05129329438755048,0,5.688711446427296,0.0,test
0.5108256237659907,0,1.879562686460117,0.0,test
0.3566749439387324,0,0.9972595451533022,0.0,test
0.10536051565782635,0,0.2593522031282802,0.0,test
0.10536051565782635,0,0.9452545761395754,0.0,test
0.05129329438755048,0,0.155879026025054,0.0,test
0.10536051565782635,0,5.974140205402804,0.0,test
0.22314355131420976,0,1.4186670161415484,0.0,test
0.22314355131420976,0,0.5542118672725402,0.0,test
0.5108256237659907,0,3.75954919510057,0.0,test
0.3566749439387324,0,5.97328442237838,0.0,test
0.10536051565782635,0,5.476654642827688,0.0,test
0.3566749439387324,1,0.6325088107326879,1.0,test
0.5108256237659907,2,0.25231636910506655,1.0,test
0.05129329438755048,0,2.062009086559191,0.0,test
0.05129329438755048,0,5.905482620352288,0.0,test
0.3566749439387324,0,5.424921878682273,0.0,test
0.22314355131420976,0,4.662881554883065,0.0,test
0.5108256237659907,0,2.9863500777781375,0.0,test
0.3566749439387324,0,4.6233685880171045,0.0,test
0.10536051565782635,0,1.5198441626417054,0.0,test
0.22314355131420976,0,4.1902455615686165,0.0,test
0.22314355131420976,0,2.8741860854618575,0.0,test
0.22314355131420976,0,4.301630294627305,0.0,test
0.5108256237659907,1,1.2063798487568547,1.0,test
0.5108256237659907,0,4.734585685956537,0.0,test
0.10536051565782635,2,0.11117424977399218,1.0,test
0.22314355131420976,0,2.2442675750848697,0.0,test
0.05129329438755048,0,2.476960665512812,0.0,test
0.10536051565782635,0,4.980775831374294,0.0,test
0.5108256237659907,0,3.6838038802182433,0.0,test
0.10536051565782635,2,0.46964936696288645,1.0,test
0.05129329438755048,0,5.13503937911832,0.0,test
0.3566749439387324,0,0.5167950421957632,0.0,test
0.22314355131420976,1,0.018429693979759687,0.0,test
0.5108256237659907,0,4.109554748245224,0.0,test
0.5108256237659907,0,5.450300820293604,0.0,test
0.22314355131420976,0,3.076143789773483,0.0,test
0.22314355131420976,0,5.64456987288493,0.0,test
0.22314355131420976,0,4.020349357247052,0.0,test
0.3566749439387324,1,1.098697578986451,1.0,test
0.05129329438755048,0,5.630574612560525,0.0,test
0.5108256237659907,1,2.1257160640788295,1.0,test
0.10536051565782635,0,2.5591015680308686,0.0,test
0.3566749439387324,0,4.826835345765487,0.0,test
0.22314355131420976,0,2.45266953822597,0.0,test
0.5108256237659907,0,1.3558073878299683,0.0,test
0.3566749439387324,0,0.9501462877271512,0.0,test
0.10536051565782635,0,0.15987244634030584,0.0,test
0.22314355131420976,0,0.5145810065948273,0.0,test
0.3566749439387324,2,0.030264715958825968,1.0,test
0.3566749439387324,1,0.31347208422867723,1.0,test
0.05129329438755048,0,4.379549974704702,0.0,test
0.05129329438755048,0,2.755570990633328,0.0,test
0.10536051565782635,0,2.195822803304368,0.0,test
0.05129329438755048,0,1.7124679048287532,0.0,test
0.10536051565782635,0,5.621016054236072,0.0,test
0.05129329438755048,0,5.601492575019491,0.0,test
0.3566749439387324,0,1.5958249525742283,0.0,test
0.5108256237659907,0,2.1354568542226584,0.0,test
0.05129329438755048,0,4.194407237951978,0.0,test
0.05129329438755048,0,4.607513537250453,0.0,test
0.22314355131420976,0,4.777208373562909,0.0,test
0.3566749439387324,0,2.6883808999570116,0.0,test
0.3566749439387324,2,0.2744266224429162,1.0,test
0.10536051565782635,0,2.2395232878744693,0.0,test
0.05129329438755048,0,4.303821361948431,0.0,test
0.05129329438755048,0,4.397581440598304,0.0,test
0.3566749439387324,0,5.6931390513426745,0.0,test
0.10536051565782635,1,0.4667444800425119,1.0,test
0.22314355131420976,1,2.1273347610925724,1.0,test
0.22314355131420976,0,0.9942047141650348,0.0,test
0.3566749439387324,0,3.1235929648968104,0.0,test
0.5108256237659907,0,5.914611283937889,0.0,test
0.22314355131420976,0,4.340335844552958,0.0,test
0.10536051565782635,0,0.5343374683989199,0.0,test
0.05129329438755048,0,0.9042002089021159,0.0,test
0.10536051565782635,0,0.07771729750631273,0.0,test
0.22314355131420976,0,2.6536689090225623,0.0,test
0.3566749439387324,0,2.185987254663289,0.0,test
0.10536051565782635,0,3.0701561839494924,0.0,test
0.10536051565782635,0,4.250454928024709,0.0,test
0.05129329438755048,0,1.4007644880994274,0.0,test
0.22314355131420976,0,1.5382066404061547,0.0,test
0.10536051565782635,0,5.941754675339803,0.0,test
0.5108256237659907,0,4.90296004276601,0.0,test
0.22314355131420976,0,3.714593509196024,0.0,test
0.10536051565782635,0,5.251427017961198,0.0,test
0.05129329438755048,0,2.064094838102673,0.0,test
0.22314355131420976,0,1.1733783458101648,0.0,test
0.3566749439387324,0,0.5452386752974105,0.0,test
0.5108256237659907,0,0.3822337152270461,0.0,test
0.22314355131420976,0,1.2909447084386596,0.0,test
0.5108256237659907,18,0.00855006788669404,1.0,test
0.3566749439387324,0,2.516435904871231,0.0,test
0.05129329438755048,0,2.4683810449455033,0.0,test
0.22314355131420976,0,4.601757392160736,0.0,test
0.10536051565782635,0,0.5607927832683366,0.0,test
0.5108256237659907,0,2.0461333899923315,0.0,test
0.5108256237659907,8,0.10045942024114043,1.0,test
0.3566749439387324,0,1.3213443864183492,0.0,test
0.5108256237659907,3,0.034411819644102906,1.0,test
0.05129329438755048,0,4.925373607694123,0.0,test
0.05129329438755048,0,0.018570337947226623,0.0,test
0.5108256237659907,0,2.8723397354255833,0.0,test
0.05129329438755048,0,5.72372904188746,0.0,test
0.10536051565782635,0,2.749901256916434,0.0,test
0.5108256237659907,0,0.46080607073058544,0.0,test
0.10536051565782635,0,3.588530357583176,0.0,test
0.10536051565782635,0,2.0017918914649027,0.0,test
0.5108256237659907,0,5.981319898274144,0.0,test
0.10536051565782635,0,1.9860435908530283,0.0,test
0.10536051565782635,0,0.16511809643696407,0.0,test
0.3566749439387324,0,4.864357074218022,0.0,test
0.5108256237659907,0,5.893920637034522,0.0,test
0.22314355131420976,0,3.5027385214246873,0.0,test
0.22314355131420976,0,1.7425953503684208,0.0,test
0.22314355131420976,0,3.2145323171572615,0.0,test
0.3566749439387324,0,5.609491650525102,0.0,test
0.3566749439387324,0,3.388206221791683,0.0,test
0.5108256237659907,0,5.087946559045213,0.0,test
0.10536051565782635,0,0.4188976610799262,0.0,test
0.22314355131420976,1,0.5562940709078598,1.0,test
0.05129329438755048,1,1.6947896462620078,1.0,test
0.5108256237659907,0,1.883078838882736,0.0,test
0.10536051565782635,0,2.986513561416953,0.0,test
0.5108256237659907,0,3.869625238319239,0.0,test
0.05129329438755048,0,1.8724918455739272,0.0,test
0.3566749439387324,0,4.177194330779241,0.0,test
0.22314355131420976,0,0.2640818625886361,0.0,test
0.05129329438755048,0,2.142363204372594,0.0,test
0.05129329438755048,1,1.664833799252207,1.0,test
0.05129329438755048,0,1.0118167680327255,0.0,test
0.05129329438755048,0,5.193804852123542,0.0,test
0.05129329438755048,0,2.231675242768495,0.0,test
0.3566749439387324,1,0.5549077420262909,0.0,test
0.10536051565782635,0,2.8199959131888273,0.0,test
0.22314355131420976,0,0.26233488052132437,0.0,test
0.5108256237659907,0,3.81344488782622,0.0,test
0.5108256237659907,0,5.3154201511975145,0.0,test
0.3566749439387324,0,3.7870891052246165,0.0,test
0.5108256237659907,12,0.04836400380169621,1.0,test
0.5108256237659907,0,3.447457408163104,0.0,test
0.22314355131420976,1,0.33894409230585276,1.0,test
0.05129329438755048,0,4.30887438216417,0.0,test
0.5108256237659907,0,5.296282145093763,0.0,test
0.05129329438755048,0,5.028062969694495,0.0,test
0.22314355131420976,0,4.795813145971876,0.0,test
0.05129329438755048,0,2.1203275907508026,0.0,test
0.10536051565782635,1,0.47463478010132804,1.0,test
0.22314355131420976,0,5.128872328230921,0.0,test
0.5108256237659907,0,2.5240702004496915,0.0,test
0.3566749439387324,0,5.796502846205605,0.0,test
0.10536051565782635,0,2.6734715065650185,0.0,test
0.10536051565782635,0,5.16818809968842,0.0,test
0.05129329438755048,1,1.0526317417100783,0.0,test
0.5108256237659907,0,0.36255423843315215,0.0,test
0.5108256237659907,0,0.5902116007713998,0.0,test
0.10536051565782635,1,0.6651068801624679,1.0,test
0.22314355131420976,0,0.47647418042036915,0.0,test
0.10536051565782635,0,5.224166236863354,0.0,test
0.5108256237659907,0,4.77324924837149,0.0,test
0.22314355131420976,1,0.6767144125200567,1.0,test
0.22314355131420976,0,1.3240419783457542,0.0,test
0.10536051565782635,0,0.0843623312010986,0.0,test
0.05129329438755048,0,0.24872769133901973,0.0,test
0.5108256237659907,1,0.9008689598561559,1.0,test
0.05129329438755048,0,2.0085814193007785,0.0,test
0.3566749439387324,1,2.074304766683642,1.0,test
0.22314355131420976,1,2.9495754331250685,1.0,test
0.10536051565782635,0,4.539462971724958,0.0,test
0.3566749439387324,0,2.472838875191714,0.0,test
0.3566749439387324,0,0.7011233977146918,0.0,test
0.05129329438755048,0,5.3006401566010135,0.0,test
0.3566749439387324,0,5.73741983777103,0.0,test
0.22314355131420976,1,0.10965396549916229,1.0,test
0.3566749439387324,0,0.005687818696647362,0.0,test
0.5108256237659907,0,5.262379415991566,0.0,test
0.3566749439387324,1,1.0621986637675536,1.0,test
0.3566749439387324,1,0.5927813793755699,1.0,test
0.22314355131420976,0,5.460882299442611,0.0,test
0.5108256237659907,0,2.736436001090653,0.0,test
0.5108256237659907,1,0.018694971815613783,1.0,test
0.22314355131420976,0,2.7776912579960684,0.0,test
0.10536051565782635,0,4.0772397269737315,0.0,test
0.05129329438755048,0,2.3336045537981818,0.0,test
0.10536051565782635,0,4.568158342793611,0.0,test
0.10536051565782635,0,0.7988603162833545,0.0,test
0.3566749439387324,1,0.8107892701997252,1.0,test
0.05129329438755048,0,5.296259823135848,0.0,test
0.5108256237659907,3,0.05688753746997746,1.0,test
0.22314355131420976,1,0.4192955367296979,1.0,test
0.05129329438755048,0,1.4197345165919129,0.0,test
0.10536051565782635,1,0.8937436269262604,1.0,test
0.5108256237659907,0,3.071197530566067,0.0,test
0.5108256237659907,1,2.201852214381992,1.0,test
0.5108256237659907,0,5.316989473470336,0.0,test
0.5108256237659907,6,0.392290790931091,1.0,test
0.3566749439387324,1,0.746852955199701,0.0,test
0.05129329438755048,0,2.6029940958318365,0.0,test
0.05129329438755048,0,2.6292483558603896,0.0,test
0.3566749439387324,2,0.13599863666169643,1.0,test
0.22314355131420976,0,2.846443632195568,0.0,test
0.05129329438755048,0,1.9048397010692262,0.0,test
0.3566749439387324,0,3.948159678759316,0.0,test
0.10536051565782635,0,4.465766918842079,0.0,test
0.5108256237659907,0,0.5813644761863432,0.0,test
0.3566749439387324,0,4.967239236717156,0.0,test
0.05129329438755048,0,1.5181003323207796,0.0,test
0.5108256237659907,0,5.096546476672055,0.0,test
0.10536051565782635,0,3.745920085345271,0.0,test
0.10536051565782635,0,4.227402482232357,0.0,test
0.5108256237659907,0,4.909726561322437,0.0,test
0.5108256237659907,0,0.6856838191264314,0.0,test
0.10536051565782635,0,0.6091927753726252,0.0,test
0.10536051565782635,1,0.43267470163357113,1.0,test
0.05129329438755048,0,3.6629944677083683,0.0,test
0.10536051565782635,0,3.469771547598815,0.0,test
0.22314355131420976,0,4.895893797109519,0.0,test
0.05129329438755048,0,2.4471428320619695,0.0,test
0.5108256237659907,0,4.188135630706683,0.0,test
0.3566749439387324,0,3.3320957198335197,0.0,test
0.22314355131420976,1,0.6590488227920819,1.0,test
0.5108256237659907,0,0.9963860526597248,0.0,test
0.5108256237659907,2,0.29221326905404216,1.0,test
0.05129329438755048,0,5.877557758039804,0.0,test
0.05129329438755048,0,1.5748619257251961,0.0,test
0.5108256237659907,0,2.4555051345934586,0.0,test
0.5108256237659907,0,0.4903979569890935,0.0,test
0.22314355131420976,1,1.3705816453551323,0.0,test
0.3566749439387324,0,3.8397888201775983,0.0,test
0.10536051565782635,0,2.068642630265588,0.0,test
0.5108256237659907,0,5.3031834230126975,0.0,test
0.3566749439387324,0,4.986441880730608,0.0,test
0.3566749439387324,0,5.5823716036168705,0.0,test
0.22314355131420976,0,1.3959007703538002,0.0,test
0.3566749439387324,0,1.8650528340391348,0.0,test
0.5108256237659907,0,5.547321187040462,0.0,test
0.05129329438755048,0,5.846712905862542,0.0,test
0.05129329438755048,0,1.0348962990639177,0.0,test
0.3566749439387324,0,3.4951177136403007,0.0,test
0.3566749439387324,0,0.03409954488914324,0.0,test
0.3566749439387324,0,1.4705151849413363,0.0,test
0.10536051565782635,0,0.33941008639934167,0.0,test
0.05129329438755048,0,5.216924295833833,0.0,test
0.10536051565782635,0,3.073407719315319,0.0,test
0.22314355131420976,0,5.856936407238068,0.0,test
0.5108256237659907,0,1.3083008845496227,0.0,test
0.05129329438755048,0,0.5515292670268266,0.0,test
0.22314355131420976,0,5.165020091389308,0.0,test
0.05129329438755048,0,0.11434545035425425,0.0,test
0.3566749439387324,0,1.1387332802973138,0.0,test
0.22314355131420976,0,4.412685760941259,0.0,test
0.10536051565782635,0,3.7989604036422047,0.0,test
0.3566749439387324,0,2.2745137578662162,0.0,test
0.10536051565782635,0,1.5454347117340275,0.0,test
0.22314355131420976,0,4.35158025353755,0.0,test
0.3566749439387324,0,0.23465788856730851,0.0,test
0.22314355131420976,0,1.2838171006648513,0.0,test
0.10536051565782635,0,2.3793159831871162,0.0,test
0.22314355131420976,0,2.870794420809117,0.0,test
0.22314355131420976,0,1.831679754398754,0.0,test
0.10536051565782635,0,4.059141483296187,0.0,test
0.3566749439387324,0,5.5153428870354215,0.0,test
0.3566749439387324,0,2.144789738085196,0.0,test
0.05129329438755048,0,5.786387323873109,0.0,test
0.3566749439387324,3,0.09894286716406811,1.0,test
0.3566749439387324,0,0.5716983021360622,0.0,test
0.05129329438755048,0,4.377806032647887,0.0,test
0.22314355131420976,2,0.2938224272435197,1.0,test
0.10536051565782635,0,5.589913900657876,0.0,test
0.05129329438755048,0,3.242828632487547,0.0,test
0.22314355131420976,0,2.4313540572362973,0.0,test
0.3566749439387324,0,2.3687024251435966,0.0,test
0.05129329438755048,0,5.584071140275393,0.0,test
0.22314355131420976,0,2.6708805487536775,0.0,test
0.22314355131420976,0,2.0130171307153386,0.0,test
0.3566749439387324,0,0.17543528352246107,0.0,test
0.05129329438755048,0,2.727669697830834,0.0,test
0.05129329438755048,0,5.0685616343286055,0.0,test
0.22314355131420976,0,1.2455551064764274,0.0,test
0.05129329438755048,0,3.558842365237476,0.0,test
0.10536051565782635,0,0.15160649272264082,0.0,test
0.22314355131420976,0,2.0018173599402194,0.0,test
0.22314355131420976,0,2.8213508511624985,0.0,test
0.22314355131420976,0,1.7702683371389365,0.0,test
0.10536051565782635,0,3.8528968886305726,0.0,test
0.05129329438755048,0,1.8229782353151067,0.0,test
0.10536051565782635,0,5.846964054525239,0.0,test
0.3566749439387324,1,0.07911597718473883,1.0,test
0.3566749439387324,3,0.3189298663371585,1.0,test
0.22314355131420976,1,0.510149474143156,1.0,test
0.3566749439387324,0,2.0011429965784515,0.0,test
0.22314355131420976,0,3.732147476033677,0.0,test
0.10536051565782635,0,0.9584732655228909,0.0,test
0.22314355131420976,1,0.5876037201261849,1.0,test
0.05129329438755048,0,1.2271973008510464,0.0,test
0.5108256237659907,0,4.461514569673205,0.0,test
0.5108256237659907,0,5.623428547918685,0.0,test
0.22314355131420976,0,1.6300940139181495,0.0,test
0.3566749439387324,0,1.7966984403661892,0.0,test
0.10536051565782635,0,0.7329229343430712,0.0,test
0.05129329438755048,0,5.757789249063885,0.0,test
0.5108256237659907,0,4.535013543248726,0.0,test
0.22314355131420976,0,5.625660135563763,0.0,test
0.22314355131420976,0,2.4928809495419717,0.0,test
0.5108256237659907,0,0.9206788112967366,0.0,test
0.3566749439387324,1,1.0061657958980053,1.0,test
0.05129329438755048,1,0.050176411671589746,1.0,test
0.10536051565782635,0,1.7870797617377963,0.0,test
0.22314355131420976,0,0.5609171276937348,0.0,test
0.10536051565782635,0,5.99698038620714,0.0,test
0.10536051565782635,0,4.64830373264016,0.0,test
0.22314355131420976,0,0.8241949420191503,0.0,test
0.3566749439387324,0,4.5649296370049015,0.0,test
0.05129329438755048,0,5.51130109807761,0.0,test
0.10536051565782635,0,0.9799322688836978,0.0,test
0.5108256237659907,0,5.785092723562359,0.0,test
0.3566749439387324,0,1.7965450171076969,0.0,test
0.10536051565782635,0,5.2847244757396,0.0,test
