p_pred,theta_pred,m_pred,set
0.7271647252281369,0.2728352747718631,3.3325447309995244,train
0.7098015664659055,0.29019843353409447,0.032639715131455284,train
0.8769176697271213,0.12308233027287874,0.00033395790004855843,train
0.727742778193531,0.27225722180646905,2.3852795351521645,train
0.8804248827070322,0.11957511729296777,0.00022081360675753114,train
0.8094312938921272,0.1905687061078728,0.0013766476895059154,train
0.7132092027902244,0.2867907972097756,0.19213786577324565,train
0.847161311128516,0.1528386888714841,0.003272828877910696,train
0.7559812958399601,0.24401870416004,0.007389431117225742,train
0.9571778740082189,0.042822125991781146,0.0006851880808098854,train
0.5645211274641947,0.4354788725358053,1.144764681541522,train
0.7134682417907068,0.2865317582092932,0.0005092687613469804,train
0.6234298956613747,0.37657010433862526,2.4625649019090585,train
0.6148947542740171,0.3851052457259829,0.0004940505738642544,train
0.9740159250620009,0.025984074937999146,0.0001320950953375447,train
0.5777494144294008,0.42225058557059925,9.248280559639058,train
0.57493990762336,0.42506009237664,6.93825699294783,train
0.6491930397273961,0.35080696027260394,6.993438711613913,train
0.7502944392735866,0.24970556072641337,0.040752505292221054,train
0.6196418234360537,0.3803581765639463,1.5250228425838805,train
0.6523015224165399,0.34769847758346006,0.003662719505202552,train
0.6622654806418413,0.3377345193581587,0.08683988414703124,train
0.7392575636717809,0.26074243632821914,0.0012704858879540265,train
0.9333156521606607,0.0666843478393393,0.00036321002634615127,train
0.9011742980835713,0.0988257019164287,0.03688019836082293,train
0.9445011100368084,0.05549888996319163,0.0002683219757477199,train
0.8978244937060484,0.10217550629395156,0.0065134317092994075,train
0.7415552726557475,0.2584447273442525,0.03459123093988823,train
0.7950658147794873,0.20493418522051265,0.005186933828555157,train
0.7798262753543566,0.22017372464564333,0.00047212164390177233,train
0.7207839148923485,0.2792160851076515,0.022687075256951055,train
0.8050548832447852,0.19494511675521475,0.0323164057326415,train
0.7909476740894396,0.20905232591056044,0.20941471123127747,train
0.8869132795235645,0.11308672047643553,0.02110645970089294,train
0.8740470014679501,0.1259529985320499,0.0013686825731605893,train
0.6584136800361134,0.34158631996388655,6.817071362121919,train
0.7393315239771426,0.26066847602285736,0.0019110574403658183,train
0.7167609821695337,0.28323901783046634,0.0005821124723397616,train
0.735245207870225,0.26475479212977504,0.2134599144824727,train
0.7834994913928194,0.21650050860718062,0.1597689833601121,train
0.9363585983427956,0.06364140165720444,0.03753351228610145,train
0.6508500021802907,0.34914999781970935,0.0008898372905319561,train
0.9188651468590977,0.0811348531409023,0.0028064134650498925,train
0.6919476019935559,0.30805239800644413,4.057952392707808,train
0.8911531632890157,0.10884683671098427,0.001525634395820935,train
0.9411402935590204,0.0588597064409796,0.01067407560364848,train
0.8883210711353937,0.11167892886460629,0.00544870531414129,train
0.6464307334574855,0.3535692665425145,5.854749127734924,train
0.9856649774850145,0.01433502251498553,0.0005301543661048538,train
0.9546882377688733,0.04531176223112665,0.00010011217681230792,train
0.9122785560672021,0.0877214439327979,0.0018884897389237992,train
0.747084070603939,0.252915929396061,0.0006767051087005945,train
0.6594555172056967,0.34054448279430327,4.038087447725511,train
0.9053998439425335,0.09460015605746652,0.11253807951348302,train
0.6542711281047828,0.34572887189521717,1.060918480603722,train
0.8899468468170173,0.1100531531829827,0.0018746015640860399,train
0.7160551426329624,0.28394485736703756,0.00034728743810963657,train
0.7608451693722061,0.23915483062779397,0.0028774744896771713,train
0.8866648494542191,0.11333515054578092,0.0003151852997537054,train
0.9400835097941551,0.059916490205844886,0.0006232750435323728,train
0.638283575992194,0.361716424007806,3.8565216497414867,train
0.6014493837494517,0.39855061625054833,2.8799176064923326,train
0.875227521155911,0.12477247884408904,0.006099099932851147,train
0.7104233741973742,0.2895766258026259,0.0006142001211592543,train
0.9840377626076912,0.015962237392308842,0.00042316549156988357,train
0.7169668047192457,0.2830331952807543,1.0146668427097914,train
0.8193577829295732,0.18064221707042682,0.0008352031888792496,train
0.9660327441080905,0.03396725589190952,8.13930895488942e-05,train
0.8321570467745436,0.1678429532254564,0.0002843668404438878,train
0.7335164210236239,0.2664835789763761,2.0699550611245012,train
0.7121413099656223,0.2878586900343777,0.0033129724019742277,train
0.7242882445137152,0.2757117554862847,0.00036703383580250144,train
0.7214528790441106,0.2785471209558894,3.4451361004377694,train
0.6322999949956619,0.3677000050043381,0.0019631615444380963,train
0.6834345471945614,0.3165654528054386,0.002330844558171912,train
0.7273268441036316,0.2726731558963684,0.0020559651462993237,train
0.6894259153617174,0.3105740846382826,1.538319528298809,train
0.6628441159172274,0.33715588408277264,0.007104045712058965,train
0.8318152078193236,0.1681847921806764,0.0009946293320721542,train
0.8484512267646589,0.1515487732353411,0.00036590489661534893,train
0.6476637515601305,0.35233624843986966,0.15224968258941232,train
0.9546079814758701,0.045392018524129885,0.02442569701776991,train
0.6675849907772395,0.33241500922276046,6.36450221452372,train
0.7180172347641218,0.2819827652358782,0.00034688149069979444,train
0.8085235444636372,0.19147645553636283,0.19759696212369546,train
0.7302923710671426,0.2697076289328574,0.11009835389587849,train
0.9703822363754024,0.02961776362459756,7.873586796118244e-05,train
0.8735727129344533,0.12642728706554673,0.0003749190280505302,train
0.906364639184299,0.0936353608157009,0.0009367649970233378,train
0.9438481976760295,0.056151802323970545,0.00014809783294704923,train
0.7393729900280823,0.2606270099719177,0.01839883008113484,train
0.9039776983224497,0.09602230167755033,0.002382148524079588,train
0.6315552762231778,0.36844472377682225,1.0986437067776016,train
0.9173473912595115,0.08265260874048852,0.0035445302563024547,train
0.7313447770766848,0.26865522292331523,2.0412817149736653,train
0.9542611625021437,0.045738837497856344,0.013102053225440032,train
0.6516922612968707,0.34830773870312925,0.001762915033565981,train
0.7358624006293769,0.2641375993706231,0.004033144649910046,train
0.7157033107574848,0.28429668924251517,1.8799162995895935,train
0.9690506736883079,0.030949326311692116,0.007608755821272488,train
0.7766655989747193,0.2233344010252808,0.05481199404710121,train
0.6420268061395137,0.3579731938604864,0.0009857350232285987,train
0.8221883288462215,0.1778116711537785,0.16793562914992077,train
0.8065732056606749,0.19342679433932508,1.4237922522394917,train
0.9571620790374232,0.04283792096257677,0.0014285168722845951,train
0.9616825161464212,0.038317483853578804,8.401617566712417e-05,train
0.9420332528416353,0.057966747158364695,0.017400993604643186,train
0.6644744567850771,0.3355255432149229,3.22665704612716,train
0.9136723487262663,0.08632765127373365,0.019427992039520947,train
0.6834345471945614,0.3165654528054386,1.047282677069584,train
0.7438219413997834,0.2561780586002165,0.04645454120546419,train
0.6744088852532317,0.3255911147467683,0.036127472297503516,train
0.9419995629125666,0.05800043708743341,0.0002032012288826657,train
0.7635164820793773,0.23648351792062272,0.0005410169372026104,train
0.8241165057383244,0.1758834942616756,0.014186762750668176,train
0.683169432098736,0.31683056790126396,0.14112770917154552,train
0.686098934155275,0.313901065844725,0.004203658425442257,train
0.8185305254064278,0.1814694745935722,0.0748990370017121,train
0.672055835971296,0.32794416402870397,3.178776668857971,train
0.9062082546041714,0.09379174539582857,0.0045358642716329224,train
0.6126057885799743,0.3873942114200257,4.188210877039414,train
0.6886955490769838,0.3113044509230162,0.037420967702487574,train
0.7495555445304684,0.25044445546953165,0.29131248249229524,train
0.8446144902997454,0.15538550970025455,0.010542972821377688,train
0.532405842742861,0.46759415725713904,24.26415946872109,train
0.9838270260479237,0.016172973952076286,0.005735218714645263,train
0.7955792242255209,0.20442077577447915,0.0007318857307216163,train
0.7327469640437602,0.2672530359562397,0.055720404750586386,train
0.882202585009659,0.11779741499034102,0.001513216070855729,train
0.6691804397941447,0.33081956020585535,0.03655127254230884,train
0.6961235973521879,0.30387640264781224,0.0007869707042156322,train
0.9405847445444003,0.05941525545559967,0.008074964587144651,train
0.9013072666245789,0.09869273337542106,0.04528151248399184,train
0.641680411714352,0.358319588285648,0.0016733904133382324,train
0.9256758242423162,0.0743241757576838,0.03584181833571444,train
0.6772211341566629,0.32277886584333726,4.325173753795424,train
0.7341736452859611,0.2658263547140389,2.178187345575514,train
0.9364227725043203,0.06357722749567973,0.0002900423153924606,train
0.7101668842866883,0.2898331157133117,0.04327541950297986,train
0.7368608125725561,0.2631391874274439,1.6247684246010283,train
0.744263325220591,0.255736674779409,0.0007862728802951152,train
0.9438887451177834,0.05611125488221658,0.0007357272725628793,train
0.9616202835751089,0.03837971642489113,0.023435229609933488,train
0.5668155647719123,0.4331844352280877,15.610581181924022,train
0.8254778112118518,0.17452218878814818,0.0921447532242594,train
0.8239979389609936,0.1760020610390064,0.06751442714266646,train
0.797584099478241,0.20241590052175895,0.016396939458817313,train
0.8848022474667017,0.11519775253329834,0.07673351014028335,train
0.8567818162200451,0.14321818377995488,0.01115576517742227,train
0.6275633137254696,0.3724366862745304,2.4525572717247663,train
0.8645758805410586,0.1354241194589414,0.012306242839509509,train
0.6717480092426421,0.328251990757358,2.17838351588041,train
0.6373786064019589,0.362621393598041,3.083731927777998,train
0.7603092652954759,0.23969073470452407,0.043809151952801065,train
0.7892760072202877,0.21072399277971232,0.09892680050018557,train
0.7734772832834562,0.22652271671654378,0.013200191019826887,train
0.8998728164904901,0.10012718350950989,0.0001985674084357363,train
0.9906360406747061,0.00936395932529388,4.701920632216227e-05,train
0.8590639588647047,0.14093604113529534,0.013326255860852194,train
0.7703039969150981,0.2296960030849019,0.09932365229549375,train
0.9830672525925185,0.01693274740748152,0.017021315200446054,train
0.9621914307489997,0.03780856925100029,0.028219492980094,train
0.891859780425033,0.108140219574967,0.0060509004168826635,train
0.7419522844895209,0.2580477155104791,0.007562549158316189,train
0.7972171846849285,0.20278281531507147,0.3100170552973133,train
0.8841732500080761,0.11582674999192388,0.0009579328888726982,train
0.79959734185631,0.20040265814368996,0.0014449777662152406,train
0.5818979108910897,0.41810208910891045,6.062132694369768,train
0.6838412491305199,0.3161587508694801,2.4736142948005475,train
0.7109785754444544,0.2890214245555456,3.267017927787299,train
0.6487629888333034,0.3512370111666966,7.092124164427035,train
0.7276766745013609,0.27232332549863913,0.0007309904950838403,train
0.6662789918562977,0.3337210081437024,1.5198608837141234,train
0.6016038023818121,0.3983961976181879,1.4943094542219435,train
0.916431209487388,0.08356879051261201,0.003230570759517168,train
0.7033605445894394,0.2966394554105606,0.2697896987142473,train
0.9597193314989887,0.04028066850101131,0.004408928954823861,train
0.8863169588543285,0.11368304114567152,0.00020809461658189744,train
0.9209692602214649,0.07903073977853514,0.04629986687894005,train
0.7354160559910482,0.2645839440089518,0.09494815153763642,train
0.8887124196337327,0.11128758036626729,0.08543774274263816,train
0.6994914243924467,0.3005085756075533,1.4688883896572846,train
0.7838729666751142,0.2161270333248858,2.5638234214378524,train
0.924761214446259,0.07523878555374097,0.0005115278412953586,train
0.5675507633656682,0.43244923663433177,0.2903745030317058,train
0.9636747976615653,0.036325202338434726,0.007237013364866923,train
0.669833774581151,0.3301662254188491,0.04039477555113509,train
0.5746827681728446,0.4253172318271554,0.0008525265250664094,train
0.9548523125362227,0.045147687463777175,0.04019163778013093,train
0.7078478523269192,0.29215214767308084,0.06494957783578212,train
0.6768725323404353,0.3231274676595647,1.1755183823148962,train
0.6408002586083275,0.35919974139167254,0.4295388912242566,train
0.9389744951210643,0.061025504878935655,0.00890368019350056,train
0.7479311109382593,0.25206888906174074,0.013113018696261433,train
0.6596785001891556,0.3403214998108445,0.004801081557763385,train
0.923446281608423,0.07655371839157699,0.08447681221417246,train
0.7738696704718793,0.22613032952812073,0.006098213412806951,train
0.7613222897049502,0.2386777102950498,0.12983447117805516,train
0.7707409710224196,0.22925902897758044,0.05017284640605463,train
0.767660152303134,0.232339847696866,1.4050721308281389,train
0.7778422935788921,0.22215770642110788,0.011448345355866595,train
0.8981769595220443,0.10182304047795565,0.0026419181045530932,train
0.6344711519586317,0.3655288480413683,1.3278021435923384,train
0.6620060756915702,0.3379939243084298,0.0066819841877001004,train
0.6286598942566869,0.371340105743313,0.0004752547867259269,train
0.9184283706150544,0.08157162938494555,0.06426258187538966,train
0.6211611556279949,0.3788388443720051,1.211677056856367,train
0.7243178099296432,0.27568219007035677,0.03627767223205014,train
0.9666942095241395,0.033305790475860464,0.004974665346722159,train
0.9737673158509628,0.026232684149037233,4.549442268483251e-05,train
0.9504798348367401,0.049520165163259855,0.0011314082258823512,train
0.9271458305925984,0.07285416940740164,0.001963154454518463,train
0.6022293417234805,0.3977706582765195,0.0006559496072560871,train
0.7706537114377974,0.22934628856220263,0.002764992851361129,train
0.9412370281350769,0.058762971864923075,0.00044285316978866804,train
0.9029645181920215,0.0970354818079785,0.0011961347794499097,train
0.9041733174034047,0.09582668259659533,0.0893193877869331,train
0.7683449106121351,0.23165508938786494,0.004104636391794006,train
0.725807702072297,0.27419229792770305,0.000874963357910108,train
0.8696361737899553,0.13036382621004472,0.002369491287202429,train
0.7764415600630016,0.22355843993699842,0.0008034516566854585,train
0.8614626671153435,0.13853733288465653,0.025047623936011624,train
0.9680257830644649,0.03197421693553515,0.0005996531866100302,train
0.7333797100559929,0.2666202899440071,0.000538840911164017,train
0.7204469751857036,0.27955302481429645,0.0004791562445728032,train
0.7904316404684021,0.20956835953159791,0.008235032443435718,train
0.8347731648975952,0.16522683510240477,0.0021246058568262214,train
0.6020518640120914,0.39794813598790857,8.467697110612228,train
0.9380904863654308,0.0619095136345692,0.00783030842350503,train
0.6898926226543468,0.3101073773456532,0.0008100636194825842,train
0.6754505125265009,0.3245494874734991,1.6953715821889301,train
0.7837681513456943,0.21623184865430567,0.0006785378163459155,train
0.9495318704480815,0.050468129551918484,0.0003628718851731765,train
0.7518092126689835,0.24819078733101652,0.00041830762179966816,train
0.9202546320966346,0.0797453679033654,0.0006928701862405164,train
0.5655467449845569,0.4344532550154431,3.303483065160218,train
0.5540241935245643,0.44597580647543567,27.808711960034856,train
0.8680226349407189,0.13197736505928115,0.0011929094550684346,train
0.7041507512878773,0.2958492487121227,3.787049726034869,train
0.5846268306604847,0.4153731693395153,9.479831987003614,train
0.9484585963541674,0.051541403645832595,0.0047660986456135,train
0.6945944867856569,0.30540551321434306,0.0010655367964722423,train
0.9715290422151882,0.02847095778481179,0.006669616736446861,train
0.7871427552722524,0.21285724472774759,1.9091138558968133,train
0.7095496522558878,0.29045034774411216,0.007848894339447528,train
0.7481938149839268,0.2518061850160733,0.04569628632802533,train
0.9814353731485722,0.01856462685142779,0.0006890206308802059,train
0.9195777745557797,0.08042222544422017,0.003934833548058065,train
0.9522322005063392,0.047767799493660834,0.008843181095656504,train
0.9192913170530402,0.08070868294695976,0.07100454187702594,train
0.7675194749140059,0.23248052508599415,0.00048403525822335406,train
0.695620258424508,0.30437974157549197,0.26055700840986173,train
0.8424566035796074,0.1575433964203926,0.07613453262633911,train
0.5520736751780161,0.4479263248219839,3.5808524598137272,train
0.7093456119157368,0.29065438808426325,2.5320080182236304,train
0.7900016427861708,0.2099983572138292,0.015496111165305217,train
0.8412293277952404,0.1587706722047596,0.0003456005524830795,train
0.8206973758348836,0.17930262416511644,0.2361808901459096,train
0.7407352858399775,0.2592647141600225,0.48655362936886615,train
0.9511794903278598,0.048820509672140244,0.00033336283075755137,train
0.585242832428334,0.41475716757166603,0.019222694150523446,train
0.9419780657310912,0.05802193426890878,0.0008561851016807758,train
0.5843785678843401,0.41562143211565994,6.259802384131543,train
0.7935426791901309,0.20645732080986912,0.06615655461572297,train
0.9315750845965562,0.06842491540344375,0.01525124468006337,train
0.5648932486640551,0.4351067513359449,2.694899642441514,train
0.6641990048964455,0.33580099510355466,0.16206691416668037,train
0.5941410121320119,0.40585898786798813,6.00486350491261,train
0.590667400444585,0.409332599555415,0.328629544684236,train
0.6848462822431444,0.31515371775685563,0.004203682657448109,train
0.8811724776373878,0.11882752236261218,0.05702992586919518,train
0.785794084336857,0.21420591566314295,0.06597842680961816,train
0.7309371291853975,0.26906287081460245,0.009720032486022224,train
0.9161680092650429,0.08383199073495706,0.0041301154171360195,train
0.7797652135097964,0.22023478649020356,0.0054673290441609205,train
0.6832001881483277,0.3167998118516723,0.01235866692655961,train
0.9600336239047961,0.039966376095203926,0.001804421096058207,train
0.6734413011415403,0.3265586988584597,0.00038861072967333863,train
0.6464254612919272,0.35357453870807276,4.7219029325771515,train
0.9435996138438213,0.056400386156178706,0.00012142934935283605,train
0.9405009743164348,0.05949902568356524,0.00024635654278246127,train
0.8317913914027972,0.16820860859720277,0.03005832927019019,train
0.7582173429262782,0.24178265707372193,0.0022184611494005914,train
0.8727204623298558,0.12727953767014422,0.043541061067411777,train
0.8065388896986878,0.1934611103013122,0.032707609287123254,train
0.7239200836345773,0.27607991636542273,2.004795080309018,train
0.8129940735554856,0.18700592644451441,0.0013910742394929916,train
0.9415283333485398,0.0584716666514602,0.0005010951333236193,train
0.8840980254629336,0.11590197453706641,0.001961694746489058,train
0.6621857120722465,0.3378142879277535,0.24469045258441943,train
0.941231238816777,0.05876876118322305,0.028498877272718957,train
0.6598635406982235,0.3401364593017765,0.0028054559701307003,train
0.8876774261159027,0.11232257388409728,0.0003357387884434897,train
0.7937941756380121,0.20620582436198787,0.2514643266593165,train
0.8927770190182889,0.10722298098171112,0.00020025801340323423,train
0.8997569263840669,0.1002430736159331,0.0006752481404387379,train
0.8116835284806727,0.1883164715193273,0.10147727354076169,train
0.6393322066533391,0.36066779334666077,2.5205466325168047,train
0.8871593010814972,0.11284069891850279,0.0009565154863676468,train
0.7473604142276397,0.25263958577236045,1.3453404046471218,train
0.7131755770590563,0.2868244229409437,0.000618604327576881,train
0.938423639223299,0.061576360776701033,0.02633359755371158,train
0.7829133719970879,0.217086628002912,0.0005480415700356281,train
0.9766688726298638,0.023331127370136207,4.917870182045575e-05,train
0.7140294728130053,0.28597052718699467,0.01217220477419277,train
0.5789213160343211,0.42107868396567893,0.0016691159589385625,train
0.8174483313231428,0.18255166867685735,0.000858979329180189,train
0.509445363034137,0.490554636965863,302.36816832751055,train
0.9194780614244795,0.08052193857552048,0.0003495058901504137,train
0.9552517925688332,0.04474820743116681,0.0005199510522532441,train
0.9112059845800617,0.08879401541993825,0.006854466551350552,train
0.7602677254110801,0.23973227458891988,0.24325833577748684,train
0.9007218513218397,0.09927814867816032,0.0010705346926351135,train
0.6411583143470507,0.35884168565294927,0.004544488039818119,train
0.9246704241593124,0.07532957584068756,0.0025473282580376834,train
0.5027941621540793,0.49720583784592065,499.4981363355594,train
0.6612179301349357,0.3387820698650643,0.0004567142001108701,train
0.7942366659815782,0.20576333401842173,0.0004929241781599353,train
0.7083123820813463,0.2916876179186537,3.251595271643009,train
0.7699464546618885,0.2300535453381115,0.0007863128329660599,train
0.9667384883788757,0.03326151162112434,0.0020084513057120248,train
0.9745850074009108,0.025414992599089192,0.019975392251030948,train
0.7454160457589654,0.25458395424103464,0.13017446950715822,train
0.7210598883336994,0.2789401116663006,0.1290839467133271,train
0.7290109570450053,0.2709890429549947,0.20061218656555452,train
0.9147707594743905,0.08522924052560954,0.00014192617705134929,train
0.6287682678495593,0.3712317321504407,7.986834130136211,train
0.8634951733715264,0.13650482662847363,0.029219695708406702,train
0.66510837842508,0.33489162157492003,0.012314323540277965,train
0.7576683644098111,0.2423316355901889,1.4783498160845023,train
0.7155360982896906,0.28446390171030944,0.2317738533090545,train
0.9807958069210934,0.01920419307890664,0.0006853599921189956,train
0.7578876768968946,0.24211232310310538,0.0007782449879554387,train
0.7643800225826727,0.23561997741732743,0.0018240161513838208,train
0.7082282657233289,0.29177173427667114,0.000521587079558392,train
0.9046955229098483,0.09530447709015166,0.0023320907279289426,train
0.72019084612583,0.27980915387417005,0.004877025803391129,train
0.9730853357019159,0.02691466429808409,0.013072061145704097,train
0.9611326454583251,0.03886735454167489,0.001578083038775463,train
0.6964714418425939,0.3035285581574062,0.011150083398016578,train
0.7405733485293745,0.2594266514706255,0.0005479030605089303,train
0.7430628055671401,0.2569371944328599,2.324737825838689,train
0.7395888890231427,0.2604111109768573,0.020424842759200035,train
0.9304081626412773,0.06959183735872265,0.0007523435973652069,train
0.6662610600767515,0.33373893992324866,0.004906485454146003,train
0.6287682678495593,0.3712317321504407,0.22093846555057478,train
0.6735573237867453,0.32644267621325473,0.049569300474523376,train
0.746176338701333,0.25382366129866696,0.0005523038285207906,train
0.7307004951617849,0.2692995048382151,0.004483207563757168,train
0.8419290663391631,0.15807093366083702,0.09768975803749932,train
0.5791880039938496,0.4208119960061505,4.906637084800403,train
0.8932729526728014,0.10672704732719862,0.01730353270577236,train
0.7234440538910684,0.27655594610893164,0.010914486339547985,train
0.7784265514191813,0.22157344858081873,0.020249779230076908,train
0.9754916682937762,0.024508331706223796,6.73515338219929e-05,train
0.5798653105342562,0.42013468946574384,2.057920464052157,train
0.9225703217213626,0.07742967827863745,0.04338339381311956,train
0.889167809027796,0.11083219097220398,0.02682867074486334,train
0.9328022513227686,0.06719774867723138,0.003117807926338725,train
0.7471864083737869,0.2528135916262131,0.007321089935813861,train
0.6827861890610327,0.3172138109389673,1.2131344987424264,train
0.9620783663751309,0.03792163362486911,0.0010654544974563302,train
0.7406086634257268,0.25939133657427316,0.008774390843598245,train
0.8647305254735593,0.13526947452644067,0.17236901626187232,train
0.68147243896717,0.31852756103283,0.002311606326024999,train
0.9850946866034072,0.014905313396592845,0.015316951514318777,train
0.8052963950430725,0.1947036049569275,0.023442679617413614,train
0.6280735984595628,0.3719264015404372,0.0010434213443892856,train
0.8782806436402251,0.12171935635977493,1.6426752324509626,train
0.9091670587346108,0.09083294126538921,0.0015644730431478508,train
0.7021096864504329,0.2978903135495672,0.0004474858824250086,train
0.7211622460423297,0.2788377539576703,0.06630936393640713,train
0.9269573951798049,0.07304260482019509,0.002979134085755131,train
0.7907312811517719,0.20926871884822806,0.001105209919837802,train
0.730482013048303,0.26951798695169715,0.0015223727556639443,train
0.7310365463688298,0.26896345363117025,0.0016726845912190236,train
0.738503286275452,0.26149671372454797,0.0006157267731774717,train
0.7923797316775045,0.20762026832249547,0.043226491809722725,train
0.899500220876623,0.10049977912337704,0.0003129229174775282,train
0.7976633027570963,0.20233669724290382,0.0011881983995331127,train
0.8059661824330578,0.19403381756694216,0.016826362378275523,train
0.7215795653471698,0.2784204346528302,0.0019441622232779124,train
0.6734356908323146,0.3265643091676854,0.0012641019818713322,train
0.8795425428865634,0.12045745711343658,0.0011170672681607204,train
0.9386861306897214,0.0613138693102786,0.00038604260236450605,train
0.9346984185434498,0.06530158145655018,0.0032887321200051767,train
0.9037938090381972,0.09620619096180294,0.10471777961690401,train
0.9097133853506015,0.09028661464939847,0.00044228132240604456,train
0.6941238091089476,0.30587619089105245,2.212412304966957,train
0.7632248973247735,0.2367751026752266,0.3941935691118524,train
0.9683926481618198,0.0316073518381802,0.00016412477714516617,train
0.8518811872999011,0.14811881270009886,0.00023775613426854628,train
0.9624857680041398,0.03751423199586024,0.0032716893947342964,train
0.6235771615052123,0.37642283849478775,0.017488256378737084,train
0.6107336094142135,0.3892663905857865,0.7606616296508585,train
0.7398522843923173,0.2601477156076827,0.021826235514367808,train
0.8740533662823582,0.1259466337176418,0.02049436646628512,train
0.8187340332847628,0.1812659667152372,0.03248193377374247,train
0.9129342957825052,0.08706570421749482,0.03089071249411386,train
0.710145475431185,0.289854524568815,0.008796721098188518,train
0.8263434232069999,0.17365657679300006,0.017305295282038766,train
0.8603759223142401,0.1396240776857599,0.008934820316406512,train
0.9048898129612716,0.09511018703872842,0.0018840349619368587,train
0.9198512994393174,0.08014870056068257,0.0018124093005320726,train
0.9230966279490093,0.07690337205099063,0.003312190266411912,train
0.6693638003614262,0.3306361996385738,0.002416949917878928,train
0.8497466772211584,0.15025332277884162,0.015064101367327576,train
0.8814722448811174,0.11852775511888258,0.00019713419328828478,train
0.9380223678023984,0.06197763219760155,0.0001505483790024641,train
0.7265202902234169,0.2734797097765831,0.01749005728478698,train
0.7814800619515913,0.21851993804840875,0.00033050522084857384,train
0.8340619019678736,0.16593809803212656,0.0003658828701973016,train
0.9300821942002815,0.06991780579971851,0.0007383251165126874,train
0.905401824739791,0.09459817526020897,0.0347291465153972,train
0.671945530974991,0.328054469025009,0.037324995163484594,train
0.9814286213961418,0.018571378603858157,0.005761993720075777,train
0.8849972678220337,0.1150027321779663,0.04437183173994201,train
0.6876240679975938,0.3123759320024062,0.0005070952752627475,train
0.8939718300774278,0.10602816992257225,0.0001889243492885551,train
0.9399288192305751,0.06007118076942486,0.005206291987902645,train
0.7862046792414866,0.21379532075851349,0.00185624472360678,train
0.6672085044255817,0.33279149557441845,0.0009324195816681105,train
0.6367663879371296,0.3632336120628704,0.0016320702617946662,train
0.569389245767621,0.43061075423237904,1.4763027822910761,train
0.7710433548416915,0.2289566451583085,0.011310344802283554,train
0.72867199448308,0.27132800551692005,0.0016847608449424329,train
0.737217749872687,0.26278225012731293,0.0016276505805579435,train
0.6280610393983246,0.3719389606016754,1.6414096146396349,train
0.5492129943830331,0.45078700561696694,24.942472487893916,train
0.8125405157891512,0.1874594842108488,0.00027518044517660834,train
0.738141322790074,0.26185867720992595,0.47001135289717216,train
0.8030863773066846,0.19691362269331536,0.0017268979550877249,train
0.9626079642139437,0.03739203578605632,0.0023524278007802817,train
0.9475500589545621,0.052449941045437876,0.00024365407403522245,train
0.9706139536909337,0.02938604630906627,0.017379610703975864,train
0.6605945949929461,0.33940540500705396,3.4117989065493677,train
0.70180798621569,0.29819201378431004,0.00044631016550574415,train
0.5300640060987328,0.46993599390126717,11.001841670877207,train
0.734429693226493,0.265570306773507,0.0018470725008850582,train
0.7275508406971112,0.2724491593028888,0.00042200130042356794,train
0.9244147428758835,0.07558525712411646,0.0006053241491647051,train
0.5624042509199498,0.43759574908005017,0.010979414402868835,train
0.69725759483832,0.30274240516168005,2.6078123206976604,train
0.7146432135646202,0.28535678643537976,0.0014209928116409956,train
0.9453424093340622,0.05465759066593778,0.0003229346461632605,train
0.62838165896084,0.37161834103916,2.11473404934647,train
0.7148293320325415,0.2851706679674585,0.23039279293455978,train
0.6470305192796331,0.35296948072036693,0.01828191411339572,train
0.6244228987254197,0.3755771012745802,0.7873524514621933,train
0.6553660921332867,0.34463390786671333,1.4189215392117243,train
0.839623318328364,0.160376681671636,0.08948303983048762,train
0.8654855435918449,0.13451445640815507,0.0008795336224699222,train
0.9181756994023389,0.0818243005976611,0.01224904960452349,train
0.5963374776257861,0.40366252237421385,0.11543434576988251,train
0.8663279169641774,0.13367208303582256,0.0060105852750375385,train
0.9178556313186809,0.08214436868131914,0.006636826455504067,train
0.7226797089048967,0.27732029109510326,0.4823218323002853,train
0.622792913333056,0.377207086666944,4.352721863910114,train
0.7152028675774499,0.2847971324225501,0.22447545879196829,train
0.7130274275371465,0.28697257246285346,0.0008959779153120935,train
0.8342984432313004,0.16570155676869958,0.011718981703614488,train
0.7619449352492859,0.23805506475071414,0.031112477097912546,train
0.6308013372823547,0.36919866271764534,2.5903587163409307,train
0.8851974039965671,0.1148025960034329,0.0002338792066619627,train
0.9677857911691296,0.03221420883087045,0.0004611825322850012,train
0.6971140033907002,0.30288599660929993,0.00070385922911363,train
0.7344339481201566,0.2655660518798434,0.0014472416464477716,train
0.8721852143014898,0.12781478569851012,0.005700232714573538,train
0.8626858413310068,0.1373141586689932,0.00026689135626399644,train
0.9774011638372068,0.022598836162793234,0.0001848805884060687,train
0.796162319493723,0.20383768050627704,0.1650555680756497,train
0.9329892801754646,0.06701071982453544,0.00016772244569308842,train
0.8486325001723987,0.15136749982760134,0.01543059630908406,train
0.6271633717873407,0.3728366282126593,0.0240484586648086,train
0.737238072215556,0.26276192778444396,0.0013434396111910599,train
0.5006974483973271,0.4993025516026729,108.8397888165342,train
0.9094281136946425,0.09057188630535751,0.0002874277361671256,train
0.994359840741339,0.005640159258661015,2.1700453064001848e-05,train
0.9224945326769002,0.07750546732309982,0.0007633427999872831,train
0.9721905800768685,0.027809419923131462,0.008700881753848696,train
0.6646511474785556,0.3353488525214444,0.0028242912849376594,train
0.72739100346027,0.27260899653973003,0.5526197577983308,train
0.9062846435733434,0.09371535642665663,0.041251753516884336,train
0.6571193269721017,0.34288067302789826,0.7382567942053616,train
0.9073501293811082,0.09264987061889185,1.2440030481643563,train
0.6623591965817632,0.33764080341823677,0.008184718722675611,train
0.6394026143156597,0.3605973856843403,0.0008668119489688739,train
0.6676756172166436,0.3323243827833565,0.00568283029376023,train
0.6254030293136849,0.37459697068631514,0.055243212898891544,train
0.8303783841979077,0.16962161580209234,1.5948856323947354,train
0.9309881173369657,0.06901188266303426,0.007110148002947406,train
0.8491889921969527,0.15081100780304735,0.009273232275605973,train
0.9044935666007624,0.09550643339923759,0.008669788117196837,train
0.9663177772950243,0.03368222270497567,5.7487201190552716e-05,train
0.9516542994249904,0.04834570057500964,0.00015334854352139186,train
0.893150808533159,0.10684919146684102,0.006679516410196789,train
0.8204099804153591,0.17959001958464094,0.005659803010617063,train
0.8973682292411295,0.10263177075887064,0.01575997211715984,train
0.7115051520705775,0.28849484792942237,4.245784520557295,train
0.6693682326755372,0.33063176732446276,0.003618765233846327,train
0.7199702056430863,0.28002979435691366,0.07139551813312504,val
0.8487432416528956,0.1512567583471044,0.15750806974598322,val
0.8322679076236581,0.1677320923763419,0.0017803051592117306,val
0.7925085896426811,0.20749141035731888,0.0014388012596223418,val
0.7406412731108161,0.25935872688918393,0.0152873187567741,val
0.743251186211748,0.256748813788252,0.028023237131037156,val
0.9263011749721716,0.07369882502782843,0.00024326258994740733,val
0.9744569306804095,0.025543069319590495,0.02663938994730077,val
0.5666191150942408,0.4333808849057592,4.473310626341664,val
0.5672680325156095,0.43273196748439047,0.0005119385929860639,val
0.6995704644617172,0.3004295355382828,0.0032678811358344394,val
0.6582485332544045,0.34175146674559553,0.00043987567343317934,val
0.6535573363516443,0.34644266364835574,4.991067151332644,val
0.8109836998485197,0.1890163001514803,0.0025822198201450215,val
0.7021096864504329,0.2978903135495672,0.0004120814649024164,val
0.6023888116958405,0.39761118830415954,0.13984340206550355,val
0.665812158484953,0.334187841515047,0.028072059789111075,val
0.69286432888888,0.30713567111111995,0.26906742301915815,val
0.9489430519563807,0.051056948043619266,0.00020070565444635637,val
0.7290435729353552,0.27095642706464484,0.0006199105728721836,val
0.5855729767802916,0.41442702321970837,0.0010268176050103489,val
0.7386217592718255,0.2613782407281745,0.09679978129126428,val
0.7054917302317456,0.2945082697682544,0.0030744004352955116,val
0.7369490304161721,0.2630509695838279,0.29566988425097734,val
0.7127660393598452,0.28723396064015483,2.600484853386552,val
0.9136168757342923,0.08638312426570771,0.09667235554782003,val
0.7012567314317452,0.29874326856825495,4.5973467659438745,val
0.8895491337663972,0.11045086623360278,0.02556660682407994,val
0.6580591128812326,0.34194088711876736,0.0008502651953692667,val
0.6489538748174813,0.35104612518251865,0.008964492563890387,val
0.9129342957825052,0.08706570421749482,0.013620483864518093,val
0.9512333469198065,0.048766653080193456,0.024291973004171245,val
0.6057117505897461,0.39428824941025387,0.0015528987834828247,val
0.7550567124887719,0.24494328751122807,0.0007913842925827345,val
0.7775211211971726,0.22247887880282735,1.492961584108906,val
0.9575424083634447,0.04245759163655527,0.0023606415921967744,val
0.6978684998697948,0.3021315001302052,4.02807836352492,val
0.6698837718126379,0.3301162281873621,0.04008758843631593,val
0.9468705587864492,0.05312944121355079,0.05877551174295627,val
0.7740105976778133,0.22598940232218667,0.020257217860037792,val
0.6259640944779696,0.37403590552203037,0.20844523185267141,val
0.9057835663211491,0.09421643367885091,0.0007127154306553878,val
0.8954082095620002,0.10459179043799982,0.11468736260317423,val
0.9272450997026368,0.0727549002973632,0.000447859651467337,val
0.6449857187476281,0.355014281252372,1.1169818366767779,val
0.6597231792912853,0.3402768207087148,5.587808831294267,val
0.7715945105309863,0.22840548946901373,0.015560215802604454,val
0.874935634939722,0.12506436506027807,0.006496738572369228,val
0.6423741477659148,0.35762585223408516,6.069268390033014,val
0.6866325096052207,0.3133674903947793,1.1300393093417496,val
0.5723997980814455,0.4276002019185545,0.09262005344873057,val
0.6643110519711523,0.33568894802884774,2.1872234321802306,val
0.9405009743164348,0.05949902568356524,0.0006170318583048574,val
0.9136719538139337,0.08632804618606627,0.05372086422828941,val
0.920520315198501,0.07947968480149903,0.014903141998876983,val
0.9107930012037204,0.08920699879627958,0.000408388164673369,val
0.6791604643765841,0.32083953562341594,0.0038327622193157743,val
0.749143425702868,0.25085657429713204,0.0033618112486935364,val
0.6767542278624435,0.32324577213755656,0.042853300117421535,val
0.8769882643527978,0.12301173564720225,0.0006886988529031715,val
0.8122320563020706,0.18776794369792937,0.0013583317442530999,val
0.7587194739515803,0.24128052604841965,0.07445622356872256,val
0.5227863721384536,0.4772136278615464,5.436486156606625,val
0.8499960893592968,0.15000391064070318,0.00028264388728295843,val
0.76724720256731,0.23275279743268995,2.9620308687456913,val
0.6615460705356273,0.3384539294643727,0.7981803393836805,val
0.9061908663450807,0.09380913365491927,0.0018377016046539393,val
0.7748576829772688,0.22514231702273124,0.0329316082060807,val
0.7183346730756284,0.28166532692437163,3.6760880899002486,val
0.9612582727323156,0.038741727267684434,0.004316884595696664,val
0.7282054114851094,0.2717945885148907,0.001321150324676089,val
0.9296992354545849,0.07030076454541512,0.00012504284988946099,val
0.6857075208423331,0.3142924791576669,0.0050005178494253455,val
0.7757165130955936,0.22428348690440636,0.001503665389498147,val
0.9139537113893785,0.08604628861062147,0.08248041169607029,val
0.597225358108545,0.40277464189145495,0.02970011266103154,val
0.7869655973643795,0.21303440263562046,0.033982037129191366,val
0.8462939948370751,0.15370600516292487,0.00526507294844545,val
0.9398684688103439,0.060131531189656084,0.002925996156179647,val
0.9300038264208085,0.06999617357919152,0.0724289316419978,val
0.7347866040835235,0.2652133959164765,0.48535316587595867,val
0.9612582727323156,0.038741727267684434,1.1679032067703083,val
0.7985550086707004,0.2014449913292996,0.07137108885653466,val
0.7680652432574351,0.23193475674256492,0.005001258093810613,val
0.7651601616722755,0.23483983832772448,0.036109706277383184,val
0.77953979569635,0.22046020430365,0.08110261774496837,val
0.7585034698946467,0.24149653010535332,0.03160227006448666,val
0.9171321267554282,0.08286787324457179,0.0010545558517943583,val
0.7677674865209296,0.23223251347907037,0.0037205914447032986,val
0.9199544005105282,0.08004559948947176,1.1645839264732338,val
0.868499308432026,0.13150069156797395,0.0002627248803236738,val
0.8024477726178209,0.19755222738217915,0.005791100628850152,val
0.9738472357479045,0.02615276425209545,0.0002590924525920851,val
0.9473280371684566,0.052671962831543406,0.027309064796660534,val
0.761812448888651,0.23818755111134893,0.0017476978728443772,val
0.6182107899176942,0.3817892100823058,0.22070682322732071,val
0.959713137341133,0.04028686265886705,0.00012891733738962973,val
0.8518349428931852,0.1481650571068147,0.05382938460106958,val
0.6891963622347098,0.3108036377652902,0.005116364975225065,val
0.7386579594673984,0.26134204053260157,0.02065354617314668,val
0.9246675344810985,0.07533246551890149,1.3614663396756945,val
0.6028818466015994,0.3971181533984006,0.04197367006306071,val
0.7033467899892552,0.29665321001074485,4.344066273222063,val
0.6709589992380096,0.3290410007619904,6.081462987256804,val
0.8519272543650009,0.14807274563499906,0.08673985814787585,val
0.7631958997241152,0.23680410027588483,0.0955903832019509,val
0.7281963630243685,0.2718036369756315,0.1699869796355972,val
0.8586396721793251,0.14136032782067487,0.028998005466488064,val
0.6372489343485487,0.3627510656514513,0.051656990641833406,test
0.667256227016032,0.33274377298396807,0.12583574586161286,test
0.9178810277851291,0.08211897221487086,0.00019816372341224944,test
0.6094405602444858,0.3905594397555141,0.001023502321788293,test
0.8971690530258918,0.10283094697410822,0.002434385062295611,test
0.8605254186880354,0.13947458131196455,0.14534993775245178,test
0.7069479307224178,0.2930520692775822,0.0007187126569767205,test
0.9667342025985124,0.03326579740148761,0.0009174635069508409,test
0.9532790554102692,0.04672094458973075,0.0013949130567705882,test
0.6813203693715455,0.3186796306284545,0.0021199520902257176,test
0.9441406065610503,0.055859393438949745,1.0322523974625673,test
0.7325995636578638,0.2674004363421363,0.0009105244924970737,test
0.6592795542516331,0.3407204457483669,0.2350919580444963,test
0.9582839533700407,0.041716046629959314,0.006274784547141427,test
0.8065708436804275,0.19342915631957247,0.00045237487957194356,test
0.8892435837079251,0.11075641629207489,0.002578163842025707,test
0.713027329967044,0.286972670032956,0.17605349471296472,test
0.5114466586272717,0.4885533413727283,0.009050406392493649,test
0.9223972262637715,0.07760277373622848,1.0552159896821427,test
0.9801860464327127,0.019813953567287323,0.004762075235328929,test
0.8110153292286477,0.18898467077135217,0.005236155061681373,test
0.8233658850085056,0.1766341149914944,0.05258078318151447,test
0.9742418581361526,0.025758141863847395,0.0005714352183404463,test
0.715208865062309,0.28479113493769104,0.0073464337101362695,test
0.6373468928771869,0.36265310712281307,0.003869189032872147,test
0.868140309782484,0.13185969021751598,0.0023929328107081247,test
0.8483959452187038,0.15160405478129624,0.0003513192857355322,test
0.8999037032662115,0.1000962967337885,1.1028622112752309,test
0.6426163533833474,0.35738364661665256,1.4241738071100227,test
0.9285171954449012,0.07148280455509881,0.020360453674597014,test
0.8413262999521062,0.15867370004789383,1.097664887885772,test
0.4982721427318192,0.5017278572681808,0.4048889297097241,test
0.9334888614858691,0.06651113851413093,0.033205888502825326,test
0.9045024430121781,0.09549755698782192,0.06203803702763992,test
0.6652865492762513,0.3347134507237487,0.18777710017726942,test
0.7747229349896986,0.22527706501030142,1.2536467822765518,test
0.5439789189093788,0.4560210810906212,0.0025559932984784914,test
0.8911507812456869,0.10884921875431319,0.0006755875549112611,test
0.8388845541705015,0.16111544582949855,0.010433527231988792,test
0.7871843369311771,0.21281566306882294,0.008878331456130584,test
0.9466463524626434,0.05335364753735661,0.005711781212596392,test
0.7293351340919082,0.2706648659080918,0.00346098023405513,test
0.8763075124658835,0.12369248753411655,0.0022088398462989534,test
0.5549589722211689,0.44504102777883114,0.517385890360391,test
0.8298383189599158,0.17016168104008422,0.06117304318868916,test
0.809764267274426,0.19023573272557404,0.012222211634976022,test
0.6840281276355366,0.31597187236446345,0.0018452587799863245,test
0.8910484952512984,0.10895150474870163,0.05196863231129259,test
0.707011385366035,0.29298861463396497,1.1699480170812533,test
0.792858494046837,0.20714150595316305,1.0283344538719141,test
0.6089415934639363,0.3910584065360637,0.07099477986905929,test
0.7691837262104545,0.2308162737895455,0.052386394082368566,test
0.6700956736556527,0.3299043263443473,0.3027571191980077,test
0.9808223469681318,0.019177653031868247,0.002707602845981516,test
0.9394439767754587,0.060556023224541344,0.006281319861208178,test
0.7160790767071827,0.28392092329281726,0.028783668453799316,test
0.7223625373807965,0.2776374626192035,0.005378683844722962,test
0.6892680094553963,0.31073199054460365,0.0032274700117336332,test
0.7564409652158175,0.2435590347841825,0.0633735333364533,test
0.9593343541251215,0.04066564587487853,0.021417354995105917,test
0.7717338334242408,0.22826616657575916,0.006654568824253083,test
0.6504112257370246,0.3495887742629754,1.4102610745792403,test
0.8938146432924658,0.10618535670753415,0.0003037164943138053,test
0.8846093488773396,0.11539065112266045,0.00043655492396562013,test
0.8792846292840171,0.12071537071598293,0.02210935375747954,test
0.5218423679111496,0.4781576320888504,1.524276296214332,test
0.7639606923706901,0.2360393076293099,0.001411924035102299,test
0.9343396611984078,0.06566033880159217,0.0018172570819124545,test
0.8407957409844152,0.15920425901558488,0.0005748968261662792,test
0.9181111924428506,0.08188880755714945,0.000666979625944631,test
0.7347982193910552,0.26520178060894484,1.036036297966567,test
0.9620565361461306,0.037943463853869375,0.011534319228806563,test
0.7845813661155325,0.21541863388446747,0.1168043159270731,test
0.8906854307558785,0.10931456924412153,0.0008917487227779868,test
0.9271374558995388,0.07286254410046122,0.00020278717657253368,test
0.76500838325896,0.23499161674104008,0.01777457538784528,test
0.8924494360585784,0.1075505639414216,0.0012599404778906968,test
0.6375268257854896,0.3624731742145104,1.2608645457896355,test
0.9617364668297546,0.038263533170245445,0.00010363214025008883,test
0.9188763796841896,0.08112362031581044,0.0006635161789892651,test
0.7429600785405026,0.2570399214594974,1.2529599285050188,test
0.8825001248332082,0.11749987516679183,0.08407359438405043,test
0.6236495197858027,0.37635048021419726,0.07948221915546061,test
0.8006445141098073,0.1993554858901927,0.009393022928470109,test
0.8826437111301333,0.11735628886986671,0.0003175327071959768,test
0.7065021140572355,0.2934978859427645,0.017364385903565028,test
0.7362177997694019,0.26378220023059806,0.00247299355737139,test
0.6601943913685672,0.33980560863143283,0.001535815915213615,test
0.801509794644116,0.19849020535588402,1.2093293705004862,test
0.9823502130871906,0.017649786912809384,0.0014610693552271116,test
0.6829293663994396,0.3170706336005604,1.3702855809240861,test
0.7165607467669192,0.28343925323308083,0.0008724426578492228,test
0.7154065573822772,0.2845934426177229,0.002794598380604691,test
0.9212449967083186,0.07875500329168139,0.011308887874546958,test
0.6444150309355063,0.35558496906449366,0.22026708294964986,test
0.7477845711398107,0.25221542886018933,1.0380886931204774,test
0.8525459261753943,0.14745407382460574,0.039149437592955826,test
0.8161470255540713,0.18385297444592874,1.0579740160938165,test
0.7291735056882376,0.2708264943117624,0.008754383106667589,test
0.666404659853645,0.33359534014635495,1.4004229640744439,test
0.5852886954192676,0.41471130458073235,1.5219509149834265,test
0.9153322277481614,0.08466777225183864,0.009896835429231995,test
0.9571242990733018,0.042875700926698235,0.00026548419896349094,test
0.6518781487827119,0.3481218512172881,0.015812506191157944,test
0.9223335456413433,0.07766645435865671,0.004963881362390764,test
0.9389002287960728,0.06109977120392718,0.0007967813875106939,test
0.8085938857248194,0.19140611427518062,0.08584300538324405,test
0.6265743873594181,0.37342561264058194,1.4560079362800094,test
